t1 = 
-512
-504
-496
-488
-480
-472
-464
-456
-448
-440
-432
-424
-416
-408
-400
-392
-384
-376
-368
-360
-352
-344
-336
-328
-320
-312
-304
-296
-288
-280
-272
-264
-256
-248
-240
-232
-224
-216
-208
-200
-192
-184
-176
-168
-160
-152
-144
-136
-128
-120
-112
-104
-96
-88
-80
-72
-64
-56
-48
-40
-32
-24
-16
-8
0
8
16
24
32
40
48
56
64
72
80
88
96
104
112
120
128
136
144
152
160
168
176
184
192
200
208
216
224
232
240
248
256
264
272
280
288
296
304
312
320
328
336
344
352
360
368
376
384
392
400
408
416
424
432
440
448
456
464
472
480
488
496
504
-511
-503
-495
-487
-479
-471
-463
-455
-447
-439
-431
-423
-415
-407
-399
-391
-383
-375
-367
-359
-351
-343
-335
-327
-319
-311
-303
-295
-287
-279
-271
-263
-255
-247
-239
-231
-223
-215
-207
-199
-191
-183
-175
-167
-159
-151
-143
-135
-127
-119
-111
-103
-95
-87
-79
-71
-63
-55
-47
-39
-31
-23
-15
-7
1
9
17
25
33
41
49
57
65
73
81
89
97
105
113
121
129
137
145
153
161
169
177
185
193
201
209
217
225
233
241
249
257
265
273
281
289
297
305
313
321
329
337
345
353
361
369
377
385
393
401
409
417
425
433
441
449
457
465
473
481
489
497
505
-510
-502
-494
-486
-478
-470
-462
-454
-446
-438
-430
-422
-414
-406
-398
-390
-382
-374
-366
-358
-350
-342
-334
-326
-318
-310
-302
-294
-286
-278
-270
-262
-254
-246
-238
-230
-222
-214
-206
-198
-190
-182
-174
-166
-158
-150
-142
-134
-126
-118
-110
-102
-94
-86
-78
-70
-62
-54
-46
-38
-30
-22
-14
-6
2
10
18
26
34
42
50
58
66
74
82
90
98
106
114
122
130
138
146
154
162
170
178
186
194
202
210
218
226
234
242
250
258
266
274
282
290
298
306
314
322
330
338
346
354
362
370
378
386
394
402
410
418
426
434
442
450
458
466
474
482
490
498
506
-509
-501
-493
-485
-477
-469
-461
-453
-445
-437
-429
-421
-413
-405
-397
-389
-381
-373
-365
-357
-349
-341
-333
-325
-317
-309
-301
-293
-285
-277
-269
-261
-253
-245
-237
-229
-221
-213
-205
-197
-189
-181
-173
-165
-157
-149
-141
-133
-125
-117
-109
-101
-93
-85
-77
-69
-61
-53
-45
-37
-29
-21
-13
-5
3
11
19
27
35
43
51
59
67
75
83
91
99
107
115
123
131
139
147
155
163
171
179
187
195
203
211
219
227
235
243
251
259
267
275
283
291
299
307
315
323
331
339
347
355
363
371
379
387
395
403
411
419
427
435
443
451
459
467
475
483
491
499
507
-508
-500
-492
-484
-476
-468
-460
-452
-444
-436
-428
-420
-412
-404
-396
-388
-380
-372
-364
-356
-348
-340
-332
-324
-316
-308
-300
-292
-284
-276
-268
-260
-252
-244
-236
-228
-220
-212
-204
-196
-188
-180
-172
-164
-156
-148
-140
-132
-124
-116
-108
-100
-92
-84
-76
-68
-60
-52
-44
-36
-28
-20
-12
-4
4
12
20
28
36
44
52
60
68
76
84
92
100
108
116
124
132
140
148
156
164
172
180
188
196
204
212
220
228
236
244
252
260
268
276
284
292
300
308
316
324
332
340
348
356
364
372
380
388
396
404
412
420
428
436
444
452
460
468
476
484
492
500
508
-507
-499
-491
-483
-475
-467
-459
-451
-443
-435
-427
-419
-411
-403
-395
-387
-379
-371
-363
-355
-347
-339
-331
-323
-315
-307
-299
-291
-283
-275
-267
-259
-251
-243
-235
-227
-219
-211
-203
-195
-187
-179
-171
-163
-155
-147
-139
-131
-123
-115
-107
-99
-91
-83
-75
-67
-59
-51
-43
-35
-27
-19
-11
-3
5
13
21
29
37
45
53
61
69
77
85
93
101
109
117
125
133
141
149
157
165
173
181
189
197
205
213
221
229
237
245
253
261
269
277
285
293
301
309
317
325
333
341
349
357
365
373
381
389
397
405
413
421
429
437
445
453
461
469
477
485
493
501
509
-506
-498
-490
-482
-474
-466
-458
-450
-442
-434
-426
-418
-410
-402
-394
-386
-378
-370
-362
-354
-346
-338
-330
-322
-314
-306
-298
-290
-282
-274
-266
-258
-250
-242
-234
-226
-218
-210
-202
-194
-186
-178
-170
-162
-154
-146
-138
-130
-122
-114
-106
-98
-90
-82
-74
-66
-58
-50
-42
-34
-26
-18
-10
-2
6
14
22
30
38
46
54
62
70
78
86
94
102
110
118
126
134
142
150
158
166
174
182
190
198
206
214
222
230
238
246
254
262
270
278
286
294
302
310
318
326
334
342
350
358
366
374
382
390
398
406
414
422
430
438
446
454
462
470
478
486
494
502
510
-505
-497
-489
-481
-473
-465
-457
-449
-441
-433
-425
-417
-409
-401
-393
-385
-377
-369
-361
-353
-345
-337
-329
-321
-313
-305
-297
-289
-281
-273
-265
-257
-249
-241
-233
-225
-217
-209
-201
-193
-185
-177
-169
-161
-153
-145
-137
-129
-121
-113
-105
-97
-89
-81
-73
-65
-57
-49
-41
-33
-25
-17
-9
-1
7
15
23
31
39
47
55
63
71
79
87
95
103
111
119
127
135
143
151
159
167
175
183
191
199
207
215
223
231
239
247
255
263
271
279
287
295
303
311
319
327
335
343
351
359
367
375
383
391
399
407
415
423
431
439
447
455
463
471
479
487
495
503
511
