t1 = 
0
-8
8
-16
16
-24
24
-32
32
-40
40
-48
48
-56
56
-64
64
-72
72
-80
80
-88
88
-96
96
-104
104
-112
112
-120
120
-128
128
-136
136
-144
144
-152
152
-160
160
-168
168
-176
176
-184
184
-192
192
-200
200
-208
208
-216
216
-224
224
-232
232
-240
240
-248
248
-256
256
-264
264
-272
272
-280
280
-288
288
-296
296
-304
304
-312
312
-320
320
-328
328
-336
336
-344
344
-352
352
-360
360
-368
368
-376
376
-384
384
-392
392
-400
400
-408
408
-416
416
-424
424
-432
432
-440
440
-448
448
-456
456
-464
464
-472
472
-480
480
-488
488
-496
496
-504
504
-512
1
-7
9
-15
17
-23
25
-31
33
-39
41
-47
49
-55
57
-63
65
-71
73
-79
81
-87
89
-95
97
-103
105
-111
113
-119
121
-127
129
-135
137
-143
145
-151
153
-159
161
-167
169
-175
177
-183
185
-191
193
-199
201
-207
209
-215
217
-223
225
-231
233
-239
241
-247
249
-255
257
-263
265
-271
273
-279
281
-287
289
-295
297
-303
305
-311
313
-319
321
-327
329
-335
337
-343
345
-351
353
-359
361
-367
369
-375
377
-383
385
-391
393
-399
401
-407
409
-415
417
-423
425
-431
433
-439
441
-447
449
-455
457
-463
465
-471
473
-479
481
-487
489
-495
497
-503
505
-511
2
-6
10
-14
18
-22
26
-30
34
-38
42
-46
50
-54
58
-62
66
-70
74
-78
82
-86
90
-94
98
-102
106
-110
114
-118
122
-126
130
-134
138
-142
146
-150
154
-158
162
-166
170
-174
178
-182
186
-190
194
-198
202
-206
210
-214
218
-222
226
-230
234
-238
242
-246
250
-254
258
-262
266
-270
274
-278
282
-286
290
-294
298
-302
306
-310
314
-318
322
-326
330
-334
338
-342
346
-350
354
-358
362
-366
370
-374
378
-382
386
-390
394
-398
402
-406
410
-414
418
-422
426
-430
434
-438
442
-446
450
-454
458
-462
466
-470
474
-478
482
-486
490
-494
498
-502
506
-510
3
-5
11
-13
19
-21
27
-29
35
-37
43
-45
51
-53
59
-61
67
-69
75
-77
83
-85
91
-93
99
-101
107
-109
115
-117
123
-125
131
-133
139
-141
147
-149
155
-157
163
-165
171
-173
179
-181
187
-189
195
-197
203
-205
211
-213
219
-221
227
-229
235
-237
243
-245
251
-253
259
-261
267
-269
275
-277
283
-285
291
-293
299
-301
307
-309
315
-317
323
-325
331
-333
339
-341
347
-349
355
-357
363
-365
371
-373
379
-381
387
-389
395
-397
403
-405
411
-413
419
-421
427
-429
435
-437
443
-445
451
-453
459
-461
467
-469
475
-477
483
-485
491
-493
499
-501
507
-509
4
-4
12
-12
20
-20
28
-28
36
-36
44
-44
52
-52
60
-60
68
-68
76
-76
84
-84
92
-92
100
-100
108
-108
116
-116
124
-124
132
-132
140
-140
148
-148
156
-156
164
-164
172
-172
180
-180
188
-188
196
-196
204
-204
212
-212
220
-220
228
-228
236
-236
244
-244
252
-252
260
-260
268
-268
276
-276
284
-284
292
-292
300
-300
308
-308
316
-316
324
-324
332
-332
340
-340
348
-348
356
-356
364
-364
372
-372
380
-380
388
-388
396
-396
404
-404
412
-412
420
-420
428
-428
436
-436
444
-444
452
-452
460
-460
468
-468
476
-476
484
-484
492
-492
500
-500
508
-508
5
-3
13
-11
21
-19
29
-27
37
-35
45
-43
53
-51
61
-59
69
-67
77
-75
85
-83
93
-91
101
-99
109
-107
117
-115
125
-123
133
-131
141
-139
149
-147
157
-155
165
-163
173
-171
181
-179
189
-187
197
-195
205
-203
213
-211
221
-219
229
-227
237
-235
245
-243
253
-251
261
-259
269
-267
277
-275
285
-283
293
-291
301
-299
309
-307
317
-315
325
-323
333
-331
341
-339
349
-347
357
-355
365
-363
373
-371
381
-379
389
-387
397
-395
405
-403
413
-411
421
-419
429
-427
437
-435
445
-443
453
-451
461
-459
469
-467
477
-475
485
-483
493
-491
501
-499
509
-507
6
-2
14
-10
22
-18
30
-26
38
-34
46
-42
54
-50
62
-58
70
-66
78
-74
86
-82
94
-90
102
-98
110
-106
118
-114
126
-122
134
-130
142
-138
150
-146
158
-154
166
-162
174
-170
182
-178
190
-186
198
-194
206
-202
214
-210
222
-218
230
-226
238
-234
246
-242
254
-250
262
-258
270
-266
278
-274
286
-282
294
-290
302
-298
310
-306
318
-314
326
-322
334
-330
342
-338
350
-346
358
-354
366
-362
374
-370
382
-378
390
-386
398
-394
406
-402
414
-410
422
-418
430
-426
438
-434
446
-442
454
-450
462
-458
470
-466
478
-474
486
-482
494
-490
502
-498
510
-506
7
-1
15
-9
23
-17
31
-25
39
-33
47
-41
55
-49
63
-57
71
-65
79
-73
87
-81
95
-89
103
-97
111
-105
119
-113
127
-121
135
-129
143
-137
151
-145
159
-153
167
-161
175
-169
183
-177
191
-185
199
-193
207
-201
215
-209
223
-217
231
-225
239
-233
247
-241
255
-249
263
-257
271
-265
279
-273
287
-281
295
-289
303
-297
311
-305
319
-313
327
-321
335
-329
343
-337
351
-345
359
-353
367
-361
375
-369
383
-377
391
-385
399
-393
407
-401
415
-409
423
-417
431
-425
439
-433
447
-441
455
-449
463
-457
471
-465
479
-473
487
-481
495
-489
503
-497
511
-505
