     t1 =
     0
    -6
     6
   -12
    12
   -18
    18
   -24
    24
   -30
    30
   -36
    36
   -42
    42
   -48
    48
   -54
    54
   -60
    60
   -66
    66
   -72
    72
   -78
    78
   -84
    84
   -90
    90
   -96
    96
  -102
   102
  -108
   108
  -114
   114
  -120
   120
  -126
   126
  -132
   132
  -138
   138
  -144
   144
  -150
   150
  -156
   156
  -162
   162
  -168
   168
  -174
   174
  -180
   180
  -186
   186
  -192
     1
    -5
     7
   -11
    13
   -17
    19
   -23
    25
   -29
    31
   -35
    37
   -41
    43
   -47
    49
   -53
    55
   -59
    61
   -65
    67
   -71
    73
   -77
    79
   -83
    85
   -89
    91
   -95
    97
  -101
   103
  -107
   109
  -113
   115
  -119
   121
  -125
   127
  -131
   133
  -137
   139
  -143
   145
  -149
   151
  -155
   157
  -161
   163
  -167
   169
  -173
   175
  -179
   181
  -185
   187
  -191
     2
    -4
     8
   -10
    14
   -16
    20
   -22
    26
   -28
    32
   -34
    38
   -40
    44
   -46
    50
   -52
    56
   -58
    62
   -64
    68
   -70
    74
   -76
    80
   -82
    86
   -88
    92
   -94
    98
  -100
   104
  -106
   110
  -112
   116
  -118
   122
  -124
   128
  -130
   134
  -136
   140
  -142
   146
  -148
   152
  -154
   158
  -160
   164
  -166
   170
  -172
   176
  -178
   182
  -184
   188
  -190
     3
    -3
     9
    -9
    15
   -15
    21
   -21
    27
   -27
    33
   -33
    39
   -39
    45
   -45
    51
   -51
    57
   -57
    63
   -63
    69
   -69
    75
   -75
    81
   -81
    87
   -87
    93
   -93
    99
   -99
   105
  -105
   111
  -111
   117
  -117
   123
  -123
   129
  -129
   135
  -135
   141
  -141
   147
  -147
   153
  -153
   159
  -159
   165
  -165
   171
  -171
   177
  -177
   183
  -183
   189
  -189
     4
    -2
    10
    -8
    16
   -14
    22
   -20
    28
   -26
    34
   -32
    40
   -38
    46
   -44
    52
   -50
    58
   -56
    64
   -62
    70
   -68
    76
   -74
    82
   -80
    88
   -86
    94
   -92
   100
   -98
   106
  -104
   112
  -110
   118
  -116
   124
  -122
   130
  -128
   136
  -134
   142
  -140
   148
  -146
   154
  -152
   160
  -158
   166
  -164
   172
  -170
   178
  -176
   184
  -182
   190
  -188
     5
    -1
    11
    -7
    17
   -13
    23
   -19
    29
   -25
    35
   -31
    41
   -37
    47
   -43
    53
   -49
    59
   -55
    65
   -61
    71
   -67
    77
   -73
    83
   -79
    89
   -85
    95
   -91
   101
   -97
   107
  -103
   113
  -109
   119
  -115
   125
  -121
   131
  -127
   137
  -133
   143
  -139
   149
  -145
   155
  -151
   161
  -157
   167
  -163
   173
  -169
   179
  -175
   185
  -181
   191
  -187
