     t1 =
     0
    -4
     4
    -8
     8
   -12
    12
   -16
    16
   -20
    20
   -24
    24
   -28
    28
   -32
    32
   -36
    36
   -40
    40
   -44
    44
   -48
    48
   -52
    52
   -56
    56
   -60
    60
   -64
    64
   -68
    68
   -72
    72
   -76
    76
   -80
    80
   -84
    84
   -88
    88
   -92
    92
   -96
    96
  -100
   100
  -104
   104
  -108
   108
  -112
   112
  -116
   116
  -120
   120
  -124
   124
  -128
   128
  -132
   132
  -136
   136
  -140
   140
  -144
   144
  -148
   148
  -152
   152
  -156
   156
  -160
   160
  -164
   164
  -168
   168
  -172
   172
  -176
   176
  -180
   180
  -184
   184
  -188
   188
  -192
   192
  -196
   196
  -200
   200
  -204
   204
  -208
   208
  -212
   212
  -216
   216
  -220
   220
  -224
   224
  -228
   228
  -232
   232
  -236
   236
  -240
   240
  -244
   244
  -248
   248
  -252
   252
  -256
     1
    -3
     5
    -7
     9
   -11
    13
   -15
    17
   -19
    21
   -23
    25
   -27
    29
   -31
    33
   -35
    37
   -39
    41
   -43
    45
   -47
    49
   -51
    53
   -55
    57
   -59
    61
   -63
    65
   -67
    69
   -71
    73
   -75
    77
   -79
    81
   -83
    85
   -87
    89
   -91
    93
   -95
    97
   -99
   101
  -103
   105
  -107
   109
  -111
   113
  -115
   117
  -119
   121
  -123
   125
  -127
   129
  -131
   133
  -135
   137
  -139
   141
  -143
   145
  -147
   149
  -151
   153
  -155
   157
  -159
   161
  -163
   165
  -167
   169
  -171
   173
  -175
   177
  -179
   181
  -183
   185
  -187
   189
  -191
   193
  -195
   197
  -199
   201
  -203
   205
  -207
   209
  -211
   213
  -215
   217
  -219
   221
  -223
   225
  -227
   229
  -231
   233
  -235
   237
  -239
   241
  -243
   245
  -247
   249
  -251
   253
  -255
     2
    -2
     6
    -6
    10
   -10
    14
   -14
    18
   -18
    22
   -22
    26
   -26
    30
   -30
    34
   -34
    38
   -38
    42
   -42
    46
   -46
    50
   -50
    54
   -54
    58
   -58
    62
   -62
    66
   -66
    70
   -70
    74
   -74
    78
   -78
    82
   -82
    86
   -86
    90
   -90
    94
   -94
    98
   -98
   102
  -102
   106
  -106
   110
  -110
   114
  -114
   118
  -118
   122
  -122
   126
  -126
   130
  -130
   134
  -134
   138
  -138
   142
  -142
   146
  -146
   150
  -150
   154
  -154
   158
  -158
   162
  -162
   166
  -166
   170
  -170
   174
  -174
   178
  -178
   182
  -182
   186
  -186
   190
  -190
   194
  -194
   198
  -198
   202
  -202
   206
  -206
   210
  -210
   214
  -214
   218
  -218
   222
  -222
   226
  -226
   230
  -230
   234
  -234
   238
  -238
   242
  -242
   246
  -246
   250
  -250
   254
  -254
     3
    -1
     7
    -5
    11
    -9
    15
   -13
    19
   -17
    23
   -21
    27
   -25
    31
   -29
    35
   -33
    39
   -37
    43
   -41
    47
   -45
    51
   -49
    55
   -53
    59
   -57
    63
   -61
    67
   -65
    71
   -69
    75
   -73
    79
   -77
    83
   -81
    87
   -85
    91
   -89
    95
   -93
    99
   -97
   103
  -101
   107
  -105
   111
  -109
   115
  -113
   119
  -117
   123
  -121
   127
  -125
   131
  -129
   135
  -133
   139
  -137
   143
  -141
   147
  -145
   151
  -149
   155
  -153
   159
  -157
   163
  -161
   167
  -165
   171
  -169
   175
  -173
   179
  -177
   183
  -181
   187
  -185
   191
  -189
   195
  -193
   199
  -197
   203
  -201
   207
  -205
   211
  -209
   215
  -213
   219
  -217
   223
  -221
   227
  -225
   231
  -229
   235
  -233
   239
  -237
   243
  -241
   247
  -245
   251
  -249
   255
  -253
