t1 = 
  -256
  -248
  -240
  -232
  -224
  -216
  -208
  -200
  -192
  -184
  -176
  -168
  -160
  -152
  -144
  -136
  -128
  -120
  -112
  -104
  -96
  -88
  -80
  -72
  -64
  -56
  -48
  -40
  -32
  -24
  -16
  -8
  0
  8
  16
  24
  32
  40
  48
  56
  64
  72
  80
  88
  96
  104
  112
  120
  128
  136
  144
  152
  160
  168
  176
  184
  192
  200
  208
  216
  224
  232
  240
  248
  -255
  -247
  -239
  -231
  -223
  -215
  -207
  -199
  -191
  -183
  -175
  -167
  -159
  -151
  -143
  -135
  -127
  -119
  -111
  -103
  -95
  -87
  -79
  -71
  -63
  -55
  -47
  -39
  -31
  -23
  -15
  -7
  1
  9
  17
  25
  33
  41
  49
  57
  65
  73
  81
  89
  97
  105
  113
  121
  129
  137
  145
  153
  161
  169
  177
  185
  193
  201
  209
  217
  225
  233
  241
  249
  -254
  -246
  -238
  -230
  -222
  -214
  -206
  -198
  -190
  -182
  -174
  -166
  -158
  -150
  -142
  -134
  -126
  -118
  -110
  -102
  -94
  -86
  -78
  -70
  -62
  -54
  -46
  -38
  -30
  -22
  -14
  -6
  2
  10
  18
  26
  34
  42
  50
  58
  66
  74
  82
  90
  98
  106
  114
  122
  130
  138
  146
  154
  162
  170
  178
  186
  194
  202
  210
  218
  226
  234
  242
  250
  -253
  -245
  -237
  -229
  -221
  -213
  -205
  -197
  -189
  -181
  -173
  -165
  -157
  -149
  -141
  -133
  -125
  -117
  -109
  -101
  -93
  -85
  -77
  -69
  -61
  -53
  -45
  -37
  -29
  -21
  -13
  -5
  3
  11
  19
  27
  35
  43
  51
  59
  67
  75
  83
  91
  99
  107
  115
  123
  131
  139
  147
  155
  163
  171
  179
  187
  195
  203
  211
  219
  227
  235
  243
  251
  -252
  -244
  -236
  -228
  -220
  -212
  -204
  -196
  -188
  -180
  -172
  -164
  -156
  -148
  -140
  -132
  -124
  -116
  -108
  -100
  -92
  -84
  -76
  -68
  -60
  -52
  -44
  -36
  -28
  -20
  -12
  -4
  4
  12
  20
  28
  36
  44
  52
  60
  68
  76
  84
  92
  100
  108
  116
  124
  132
  140
  148
  156
  164
  172
  180
  188
  196
  204
  212
  220
  228
  236
  244
  252
  -251
  -243
  -235
  -227
  -219
  -211
  -203
  -195
  -187
  -179
  -171
  -163
  -155
  -147
  -139
  -131
  -123
  -115
  -107
  -99
  -91
  -83
  -75
  -67
  -59
  -51
  -43
  -35
  -27
  -19
  -11
  -3
  5
  13
  21
  29
  37
  45
  53
  61
  69
  77
  85
  93
  101
  109
  117
  125
  133
  141
  149
  157
  165
  173
  181
  189
  197
  205
  213
  221
  229
  237
  245
  253
  -250
  -242
  -234
  -226
  -218
  -210
  -202
  -194
  -186
  -178
  -170
  -162
  -154
  -146
  -138
  -130
  -122
  -114
  -106
  -98
  -90
  -82
  -74
  -66
  -58
  -50
  -42
  -34
  -26
  -18
  -10
  -2
  6
  14
  22
  30
  38
  46
  54
  62
  70
  78
  86
  94
  102
  110
  118
  126
  134
  142
  150
  158
  166
  174
  182
  190
  198
  206
  214
  222
  230
  238
  246
  254
  -249
  -241
  -233
  -225
  -217
  -209
  -201
  -193
  -185
  -177
  -169
  -161
  -153
  -145
  -137
  -129
  -121
  -113
  -105
  -97
  -89
  -81
  -73
  -65
  -57
  -49
  -41
  -33
  -25
  -17
  -9
  -1
  7
  15
  23
  31
  39
  47
  55
  63
  71
  79
  87
  95
  103
  111
  119
  127
  135
  143
  151
  159
  167
  175
  183
  191
  199
  207
  215
  223
  231
  239
  247
  255
