t1 = 
     0   -16   -32   -48
     1    17    33    49
    -1   -17   -33   -49
     2    18    34    50
    -2   -18   -34   -50
     3    19    35    51
    -3   -19   -35   -51
     4    20    36    52
    -4   -20   -36   -52
     5    21    37    53
    -5   -21   -37   -53
     6    22    38    54
    -6   -22   -38   -54
     7    23    39    55
    -7   -23   -39   -55
     8    24    40    56
    -8   -24   -40   -56
     9    25    41    57
    -9   -25   -41   -57
    10    26    42    58
   -10   -26   -42   -58
    11    27    43    59
   -11   -27   -43   -59
    12    28    44    60
   -12   -28   -44   -60
    13    29    45    61
   -13   -29   -45   -61
    14    30    46    62
   -14   -30   -46   -62
    15    31    47    63
   -15   -31   -47   -63
    16    32    48    64

t2 = 
     0   -16   -16   -16
     1    16    16    16
    -1   -16   -16   -16
     2    16    16    16
    -2   -16   -16   -16
     3    16    16    16
    -3   -16   -16   -16
     4    16    16    16
    -4   -16   -16   -16
     5    16    16    16
    -5   -16   -16   -16
     6    16    16    16
    -6   -16   -16   -16
     7    16    16    16
    -7   -16   -16   -16
     8    16    16    16
    -8   -16   -16   -16
     9    16    16    16
    -9   -16   -16   -16
    10    16    16    16
   -10   -16   -16   -16
    11    16    16    16
   -11   -16   -16   -16
    12    16    16    16
   -12   -16   -16   -16
    13    16    16    16
   -13   -16   -16   -16
    14    16    16    16
   -14   -16   -16   -16
    15    16    16    16
   -15   -16   -16   -16
    16    16    16    16
