t1 =
   -15     -31
   -14     -30
   -13     -29
   -12     -28
   -11     -27
   -10     -26
    -9     -25
    -8     -24
    -7     -23
    -6     -22
    -5     -21
    -4     -20
    -3     -19
    -2     -18
    -1     -17
     0     -16
     1      17
     2      18
     3      19
     4      20
     5      21
     6      22
     7      23
     8      24
     9      25
    10      26
    11      27
    12      28
    13      29
    14      30
    15      31
    16      32

t2 =
   -15     -16
   -14     -16
   -13     -16
   -12     -16
   -11     -16
   -10     -16
    -9     -16
    -8     -16
    -7     -16
    -6     -16
    -5     -16
    -4     -16
    -3     -16
    -2     -16
    -1     -16
     0     -16
     1      16
     2      16
     3      16
     4      16
     5      16
     6      16
     7      16
     8      16
     9      16
    10      16
    11      16
    12      16
    13      16
    14      16
    15      16
    16      16

