t1 =
    -191    -179    -167     -11     -23     -35     -47     -59     -71
     -83     -95    -107    -119    -131    -143    -155
    -190    -178    -166     -10     -22     -34     -46     -58     -70
     -82     -94    -106    -118    -130    -142    -154
    -189    -177    -165      -9     -21     -33     -45     -57     -69
     -81     -93    -105    -117    -129    -141    -153
    -188    -176    -164      -8     -20     -32     -44     -56     -68
     -80     -92    -104    -116    -128    -140    -152
    -187    -175    -163      -7     -19     -31     -43     -55     -67
     -79     -91    -103    -115    -127    -139    -151
    -186    -174    -162      -6     -18     -30     -42     -54     -66
     -78     -90    -102    -114    -126    -138    -150
    -185    -173    -161      -5     -17     -29     -41     -53     -65
     -77     -89    -101    -113    -125    -137    -149
    -184    -172    -160      -4     -16     -28     -40     -52     -64
     -76     -88    -100    -112    -124    -136    -148
    -183    -171    -159      -3     -15     -27     -39     -51     -63
     -75     -87     -99    -111    -123    -135    -147
    -182    -170    -158      -2     -14     -26     -38     -50     -62
     -74     -86     -98    -110    -122    -134    -146
    -181    -169    -157      -1     -13     -25     -37     -49     -61
     -73     -85     -97    -109    -121    -133    -145
    -180    -168    -156       0     -12     -24     -36     -48     -60
     -72     -84     -96    -108    -120    -132    -144
     181     169     157       1      13      25      37      49      61
      73      85      97     109     121     133     145
     182     170     158       2      14      26      38      50      62
      74      86      98     110     122     134     146
     183     171     159       3      15      27      39      51      63
      75      87      99     111     123     135     147
     184     172     160       4      16      28      40      52      64
      76      88     100     112     124     136     148
     185     173     161       5      17      29      41      53      65
      77      89     101     113     125     137     149
     186     174     162       6      18      30      42      54      66
      78      90     102     114     126     138     150
     187     175     163       7      19      31      43      55      67
      79      91     103     115     127     139     151
     188     176     164       8      20      32      44      56      68
      80      92     104     116     128     140     152
     189     177     165       9      21      33      45      57      69
      81      93     105     117     129     141     153
     190     178     166      10      22      34      46      58      70
      82      94     106     118     130     142     154
     191     179     167      11      23      35      47      59      71
      83      95     107     119     131     143     155
     192     180     168      12      24      36      48      60      72
      84      96     108     120     132     144     156
