t1 =
     -63     -59     -55     -51     -47     -43      -3      -7     -11
     -15     -19     -23     -27     -31     -35     -39
     -62     -58     -54     -50     -46     -42      -2      -6     -10
     -14     -18     -22     -26     -30     -34     -38
     -61     -57     -53     -49     -45     -41      -1      -5      -9
     -13     -17     -21     -25     -29     -33     -37
     -60     -56     -52     -48     -44     -40       0      -4      -8
     -12     -16     -20     -24     -28     -32     -36
      61      57      53      49      45      41       1       5       9
      13      17      21      25      29      33      37
      62      58      54      50      46      42       2       6      10
      14      18      22      26      30      34      38
      63      59      55      51      47      43       3       7      11
      15      19      23      27      31      35      39
      64      60      56      52      48      44       4       8      12
      16      20      24      28      32      36      40
