t1 = 
0	0	0	0	0	0	0	0	0	0	0	0	0	0	0	0	
-69	-74	-79	-4	-9	-14	-19	-24	-29	-34	-39	-44	-49	-54	-59	-64	
-68	-73	-78	-3	-8	-13	-18	-23	-28	-33	-38	-43	-48	-53	-58	-63	
-67	-72	-77	-2	-7	-12	-17	-22	-27	-32	-37	-42	-47	-52	-57	-62	
-66	-71	-76	-1	-6	-11	-16	-21	-26	-31	-36	-41	-46	-51	-56	-61	
-65	-70	-75	0	-5	-10	-15	-20	-25	-30	-35	-40	-45	-50	-55	-60	
66	71	76	1	6	11	16	21	26	31	36	41	46	51	56	61	
67	72	77	2	7	12	17	22	27	32	37	42	47	52	57	62	
68	73	78	3	8	13	18	23	28	33	38	43	48	53	58	63	
69	74	79	4	9	14	19	24	29	34	39	44	49	54	59	64	
70	75	80	5	10	15	20	25	30	35	40	45	50	55	60	65	
