t1 =
    -191    -143     -95     -47
    -190    -142     -94     -46
    -189    -141     -93     -45
    -188    -140     -92     -44
    -187    -139     -91     -43
    -186    -138     -90     -42
    -185    -137     -89     -41
    -184    -136     -88     -40
    -183    -135     -87     -39
    -182    -134     -86     -38
    -181    -133     -85     -37
    -180    -132     -84     -36
    -179    -131     -83     -35
    -178    -130     -82     -34
    -177    -129     -81     -33
    -176    -128     -80     -32
    -175    -127     -79     -31
    -174    -126     -78     -30
    -173    -125     -77     -29
    -172    -124     -76     -28
    -171    -123     -75     -27
    -170    -122     -74     -26
    -169    -121     -73     -25
    -168    -120     -72     -24
    -167    -119     -71     -23
    -166    -118     -70     -22
    -165    -117     -69     -21
    -164    -116     -68     -20
    -163    -115     -67     -19
    -162    -114     -66     -18
    -161    -113     -65     -17
    -160    -112     -64     -16
    -159    -111     -63     -15
    -158    -110     -62     -14
    -157    -109     -61     -13
    -156    -108     -60     -12
    -155    -107     -59     -11
    -154    -106     -58     -10
    -153    -105     -57      -9
    -152    -104     -56      -8
    -151    -103     -55      -7
    -150    -102     -54      -6
    -149    -101     -53      -5
    -148    -100     -52      -4
    -147     -99     -51      -3
    -146     -98     -50      -2
    -145     -97     -49      -1
    -144     -96     -48       0
     145      97      49       1
     146      98      50       2
     147      99      51       3
     148     100      52       4
     149     101      53       5
     150     102      54       6
     151     103      55       7
     152     104      56       8
     153     105      57       9
     154     106      58      10
     155     107      59      11
     156     108      60      12
     157     109      61      13
     158     110      62      14
     159     111      63      15
     160     112      64      16
     161     113      65      17
     162     114      66      18
     163     115      67      19
     164     116      68      20
     165     117      69      21
     166     118      70      22
     167     119      71      23
     168     120      72      24
     169     121      73      25
     170     122      74      26
     171     123      75      27
     172     124      76      28
     173     125      77      29
     174     126      78      30
     175     127      79      31
     176     128      80      32
     177     129      81      33
     178     130      82      34
     179     131      83      35
     180     132      84      36
     181     133      85      37
     182     134      86      38
     183     135      87      39
     184     136      88      40
     185     137      89      41
     186     138      90      42
     187     139      91      43
     188     140      92      44
     189     141      93      45
     190     142      94      46
     191     143      95      47
     192     144      96      48
