t1 =
     -95     -89     -83     -77     -71     -65     -59     -53      -5
     -11     -17     -23     -29     -35     -41     -47
     -94     -88     -82     -76     -70     -64     -58     -52      -4
     -10     -16     -22     -28     -34     -40     -46
     -93     -87     -81     -75     -69     -63     -57     -51      -3
      -9     -15     -21     -27     -33     -39     -45
     -92     -86     -80     -74     -68     -62     -56     -50      -2
      -8     -14     -20     -26     -32     -38     -44
     -91     -85     -79     -73     -67     -61     -55     -49      -1
      -7     -13     -19     -25     -31     -37     -43
     -90     -84     -78     -72     -66     -60     -54     -48       0
      -6     -12     -18     -24     -30     -36     -42
      91      85      79      73      67      61      55      49       1
       7      13      19      25      31      37      43
      92      86      80      74      68      62      56      50       2
       8      14      20      26      32      38      44
      93      87      81      75      69      63      57      51       3
       9      15      21      27      33      39      45
      94      88      82      76      70      64      58      52       4
      10      16      22      28      34      40      46
      95      89      83      77      71      65      59      53       5
      11      17      23      29      35      41      47
      96      90      84      78      72      66      60      54       6
      12      18      24      30      36      42      48
