t1 =
     -79     -74     -69     -64     -59     -54     -49     -44      -4
      -9     -14     -19     -24     -29     -34     -39
     -78     -73     -68     -63     -58     -53     -48     -43      -3
      -8     -13     -18     -23     -28     -33     -38
     -77     -72     -67     -62     -57     -52     -47     -42      -2
      -7     -12     -17     -22     -27     -32     -37
     -76     -71     -66     -61     -56     -51     -46     -41      -1
      -6     -11     -16     -21     -26     -31     -36
     -75     -70     -65     -60     -55     -50     -45     -40       0
      -5     -10     -15     -20     -25     -30     -35
      76      71      66      61      56      51      46      41       1
       6      11      16      21      26      31      36
      77      72      67      62      57      52      47      42       2
       7      12      17      22      27      32      37
      78      73      68      63      58      53      48      43       3
       8      13      18      23      28      33      38
      79      74      69      64      59      54      49      44       4
       9      14      19      24      29      34      39
      80      75      70      65      60      55      50      45       5
      10      15      20      25      30      35      40
