t1 =
    -191    -167    -143    -119     -95     -71     -23     -47
    -190    -166    -142    -118     -94     -70     -22     -46
    -189    -165    -141    -117     -93     -69     -21     -45
    -188    -164    -140    -116     -92     -68     -20     -44
    -187    -163    -139    -115     -91     -67     -19     -43
    -186    -162    -138    -114     -90     -66     -18     -42
    -185    -161    -137    -113     -89     -65     -17     -41
    -184    -160    -136    -112     -88     -64     -16     -40
    -183    -159    -135    -111     -87     -63     -15     -39
    -182    -158    -134    -110     -86     -62     -14     -38
    -181    -157    -133    -109     -85     -61     -13     -37
    -180    -156    -132    -108     -84     -60     -12     -36
    -179    -155    -131    -107     -83     -59     -11     -35
    -178    -154    -130    -106     -82     -58     -10     -34
    -177    -153    -129    -105     -81     -57      -9     -33
    -176    -152    -128    -104     -80     -56      -8     -32
    -175    -151    -127    -103     -79     -55      -7     -31
    -174    -150    -126    -102     -78     -54      -6     -30
    -173    -149    -125    -101     -77     -53      -5     -29
    -172    -148    -124    -100     -76     -52      -4     -28
    -171    -147    -123     -99     -75     -51      -3     -27
    -170    -146    -122     -98     -74     -50      -2     -26
    -169    -145    -121     -97     -73     -49      -1     -25
    -168    -144    -120     -96     -72     -48       0     -24
     169     145     121      97      73      49       1      25
     170     146     122      98      74      50       2      26
     171     147     123      99      75      51       3      27
     172     148     124     100      76      52       4      28
     173     149     125     101      77      53       5      29
     174     150     126     102      78      54       6      30
     175     151     127     103      79      55       7      31
     176     152     128     104      80      56       8      32
     177     153     129     105      81      57       9      33
     178     154     130     106      82      58      10      34
     179     155     131     107      83      59      11      35
     180     156     132     108      84      60      12      36
     181     157     133     109      85      61      13      37
     182     158     134     110      86      62      14      38
     183     159     135     111      87      63      15      39
     184     160     136     112      88      64      16      40
     185     161     137     113      89      65      17      41
     186     162     138     114      90      66      18      42
     187     163     139     115      91      67      19      43
     188     164     140     116      92      68      20      44
     189     165     141     117      93      69      21      45
     190     166     142     118      94      70      22      46
     191     167     143     119      95      71      23      47
     192     168     144     120      96      72      24      48
