t1 =
     -95     -71     -23     -47
     -94     -70     -22     -46
     -93     -69     -21     -45
     -92     -68     -20     -44
     -91     -67     -19     -43
     -90     -66     -18     -42
     -89     -65     -17     -41
     -88     -64     -16     -40
     -87     -63     -15     -39
     -86     -62     -14     -38
     -85     -61     -13     -37
     -84     -60     -12     -36
     -83     -59     -11     -35
     -82     -58     -10     -34
     -81     -57      -9     -33
     -80     -56      -8     -32
     -79     -55      -7     -31
     -78     -54      -6     -30
     -77     -53      -5     -29
     -76     -52      -4     -28
     -75     -51      -3     -27
     -74     -50      -2     -26
     -73     -49      -1     -25
     -72     -48       0     -24
      73      49       1      25
      74      50       2      26
      75      51       3      27
      76      52       4      28
      77      53       5      29
      78      54       6      30
      79      55       7      31
      80      56       8      32
      81      57       9      33
      82      58      10      34
      83      59      11      35
      84      60      12      36
      85      61      13      37
      86      62      14      38
      87      63      15      39
      88      64      16      40
      89      65      17      41
      90      66      18      42
      91      67      19      43
      92      68      20      44
      93      69      21      45
      94      70      22      46
      95      71      23      47
      96      72      24      48
