t1 =
    -255    -239     -15     -31     -47     -63     -79     -95    -111
    -127    -143    -159    -175    -191    -207    -223
    -254    -238     -14     -30     -46     -62     -78     -94    -110
    -126    -142    -158    -174    -190    -206    -222
    -253    -237     -13     -29     -45     -61     -77     -93    -109
    -125    -141    -157    -173    -189    -205    -221
    -252    -236     -12     -28     -44     -60     -76     -92    -108
    -124    -140    -156    -172    -188    -204    -220
    -251    -235     -11     -27     -43     -59     -75     -91    -107
    -123    -139    -155    -171    -187    -203    -219
    -250    -234     -10     -26     -42     -58     -74     -90    -106
    -122    -138    -154    -170    -186    -202    -218
    -249    -233      -9     -25     -41     -57     -73     -89    -105
    -121    -137    -153    -169    -185    -201    -217
    -248    -232      -8     -24     -40     -56     -72     -88    -104
    -120    -136    -152    -168    -184    -200    -216
    -247    -231      -7     -23     -39     -55     -71     -87    -103
    -119    -135    -151    -167    -183    -199    -215
    -246    -230      -6     -22     -38     -54     -70     -86    -102
    -118    -134    -150    -166    -182    -198    -214
    -245    -229      -5     -21     -37     -53     -69     -85    -101
    -117    -133    -149    -165    -181    -197    -213
    -244    -228      -4     -20     -36     -52     -68     -84    -100
    -116    -132    -148    -164    -180    -196    -212
    -243    -227      -3     -19     -35     -51     -67     -83     -99
    -115    -131    -147    -163    -179    -195    -211
    -242    -226      -2     -18     -34     -50     -66     -82     -98
    -114    -130    -146    -162    -178    -194    -210
    -241    -225      -1     -17     -33     -49     -65     -81     -97
    -113    -129    -145    -161    -177    -193    -209
    -240    -224       0     -16     -32     -48     -64     -80     -96
    -112    -128    -144    -160    -176    -192    -208
     241     225       1      17      33      49      65      81      97
     113     129     145     161     177     193     209
     242     226       2      18      34      50      66      82      98
     114     130     146     162     178     194     210
     243     227       3      19      35      51      67      83      99
     115     131     147     163     179     195     211
     244     228       4      20      36      52      68      84     100
     116     132     148     164     180     196     212
     245     229       5      21      37      53      69      85     101
     117     133     149     165     181     197     213
     246     230       6      22      38      54      70      86     102
     118     134     150     166     182     198     214
     247     231       7      23      39      55      71      87     103
     119     135     151     167     183     199     215
     248     232       8      24      40      56      72      88     104
     120     136     152     168     184     200     216
     249     233       9      25      41      57      73      89     105
     121     137     153     169     185     201     217
     250     234      10      26      42      58      74      90     106
     122     138     154     170     186     202     218
     251     235      11      27      43      59      75      91     107
     123     139     155     171     187     203     219
     252     236      12      28      44      60      76      92     108
     124     140     156     172     188     204     220
     253     237      13      29      45      61      77      93     109
     125     141     157     173     189     205     221
     254     238      14      30      46      62      78      94     110
     126     142     158     174     190     206     222
     255     239      15      31      47      63      79      95     111
     127     143     159     175     191     207     223
     256     240      16      32      48      64      80      96     112
     128     144     160     176     192     208     224
