t1 =
    -255    -239    -223    -207     -15     -31     -47     -63     -79
     -95    -111    -127    -143    -159    -175    -191
    -254    -238    -222    -206     -14     -30     -46     -62     -78
     -94    -110    -126    -142    -158    -174    -190
    -253    -237    -221    -205     -13     -29     -45     -61     -77
     -93    -109    -125    -141    -157    -173    -189
    -252    -236    -220    -204     -12     -28     -44     -60     -76
     -92    -108    -124    -140    -156    -172    -188
    -251    -235    -219    -203     -11     -27     -43     -59     -75
     -91    -107    -123    -139    -155    -171    -187
    -250    -234    -218    -202     -10     -26     -42     -58     -74
     -90    -106    -122    -138    -154    -170    -186
    -249    -233    -217    -201      -9     -25     -41     -57     -73
     -89    -105    -121    -137    -153    -169    -185
    -248    -232    -216    -200      -8     -24     -40     -56     -72
     -88    -104    -120    -136    -152    -168    -184
    -247    -231    -215    -199      -7     -23     -39     -55     -71
     -87    -103    -119    -135    -151    -167    -183
    -246    -230    -214    -198      -6     -22     -38     -54     -70
     -86    -102    -118    -134    -150    -166    -182
    -245    -229    -213    -197      -5     -21     -37     -53     -69
     -85    -101    -117    -133    -149    -165    -181
    -244    -228    -212    -196      -4     -20     -36     -52     -68
     -84    -100    -116    -132    -148    -164    -180
    -243    -227    -211    -195      -3     -19     -35     -51     -67
     -83     -99    -115    -131    -147    -163    -179
    -242    -226    -210    -194      -2     -18     -34     -50     -66
     -82     -98    -114    -130    -146    -162    -178
    -241    -225    -209    -193      -1     -17     -33     -49     -65
     -81     -97    -113    -129    -145    -161    -177
    -240    -224    -208    -192       0     -16     -32     -48     -64
     -80     -96    -112    -128    -144    -160    -176
     241     225     209     193       1      17      33      49      65
      81      97     113     129     145     161     177
     242     226     210     194       2      18      34      50      66
      82      98     114     130     146     162     178
     243     227     211     195       3      19      35      51      67
      83      99     115     131     147     163     179
     244     228     212     196       4      20      36      52      68
      84     100     116     132     148     164     180
     245     229     213     197       5      21      37      53      69
      85     101     117     133     149     165     181
     246     230     214     198       6      22      38      54      70
      86     102     118     134     150     166     182
     247     231     215     199       7      23      39      55      71
      87     103     119     135     151     167     183
     248     232     216     200       8      24      40      56      72
      88     104     120     136     152     168     184
     249     233     217     201       9      25      41      57      73
      89     105     121     137     153     169     185
     250     234     218     202      10      26      42      58      74
      90     106     122     138     154     170     186
     251     235     219     203      11      27      43      59      75
      91     107     123     139     155     171     187
     252     236     220     204      12      28      44      60      76
      92     108     124     140     156     172     188
     253     237     221     205      13      29      45      61      77
      93     109     125     141     157     173     189
     254     238     222     206      14      30      46      62      78
      94     110     126     142     158     174     190
     255     239     223     207      15      31      47      63      79
      95     111     127     143     159     175     191
     256     240     224     208      16      32      48      64      80
      96     112     128     144     160     176     192
