t1 =
     -79     -69     -59     -49     -39     -29     -19      -9
     -78     -68     -58     -48     -38     -28     -18      -8
     -77     -67     -57     -47     -37     -27     -17      -7
     -76     -66     -56     -46     -36     -26     -16      -6
     -75     -65     -55     -45     -35     -25     -15      -5
     -74     -64     -54     -44     -34     -24     -14      -4
     -73     -63     -53     -43     -33     -23     -13      -3
     -72     -62     -52     -42     -32     -22     -12      -2
     -71     -61     -51     -41     -31     -21     -11      -1
     -70     -60     -50     -40     -30     -20     -10       0
      71      61      51      41      31      21      11       1
      72      62      52      42      32      22      12       2
      73      63      53      43      33      23      13       3
      74      64      54      44      34      24      14       4
      75      65      55      45      35      25      15       5
      76      66      56      46      36      26      16       6
      77      67      57      47      37      27      17       7
      78      68      58      48      38      28      18       8
      79      69      59      49      39      29      19       9
      80      70      60      50      40      30      20      10
