t1 =
     -31     -23     -15      -7
     -30     -22     -14      -6
     -29     -21     -13      -5
     -28     -20     -12      -4
     -27     -19     -11      -3
     -26     -18     -10      -2
     -25     -17      -9      -1
     -24     -16      -8       0
      25      17       9       1
      26      18      10       2
      27      19      11       3
      28      20      12       4
      29      21      13       5
      30      22      14       6
      31      23      15       7
      32      24      16       8
