t1 = 
   -23   -47   -71   -95  -119  -143  -167  -191
   -22   -46   -70   -94  -118  -142  -166  -190
   -21   -45   -69   -93  -117  -141  -165  -189
   -20   -44   -68   -92  -116  -140  -164  -188
   -19   -43   -67   -91  -115  -139  -163  -187
   -18   -42   -66   -90  -114  -138  -162  -186
   -17   -41   -65   -89  -113  -137  -161  -185
   -16   -40   -64   -88  -112  -136  -160  -184
   -15   -39   -63   -87  -111  -135  -159  -183
   -14   -38   -62   -86  -110  -134  -158  -182
   -13   -37   -61   -85  -109  -133  -157  -181
   -12   -36   -60   -84  -108  -132  -156  -180
   -11   -35   -59   -83  -107  -131  -155  -179
   -10   -34   -58   -82  -106  -130  -154  -178
    -9   -33   -57   -81  -105  -129  -153  -177
    -8   -32   -56   -80  -104  -128  -152  -176
    -7   -31   -55   -79  -103  -127  -151  -175
    -6   -30   -54   -78  -102  -126  -150  -174
    -5   -29   -53   -77  -101  -125  -149  -173
    -4   -28   -52   -76  -100  -124  -148  -172
    -3   -27   -51   -75   -99  -123  -147  -171
    -2   -26   -50   -74   -98  -122  -146  -170
    -1   -25   -49   -73   -97  -121  -145  -169
     0   -24   -48   -72   -96  -120  -144  -168
     1    25    49    73    97   121   145   169
     2    26    50    74    98   122   146   170
     3    27    51    75    99   123   147   171
     4    28    52    76   100   124   148   172
     5    29    53    77   101   125   149   173
     6    30    54    78   102   126   150   174
     7    31    55    79   103   127   151   175
     8    32    56    80   104   128   152   176
     9    33    57    81   105   129   153   177
    10    34    58    82   106   130   154   178
    11    35    59    83   107   131   155   179
    12    36    60    84   108   132   156   180
    13    37    61    85   109   133   157   181
    14    38    62    86   110   134   158   182
    15    39    63    87   111   135   159   183
    16    40    64    88   112   136   160   184
    17    41    65    89   113   137   161   185
    18    42    66    90   114   138   162   186
    19    43    67    91   115   139   163   187
    20    44    68    92   116   140   164   188
    21    45    69    93   117   141   165   189
    22    46    70    94   118   142   166   190
    23    47    71    95   119   143   167   191
    24    48    72    96   120   144   168   192
