t1 =
    -255    -223    -191    -159    -127     -31     -63     -95
    -254    -222    -190    -158    -126     -30     -62     -94
    -253    -221    -189    -157    -125     -29     -61     -93
    -252    -220    -188    -156    -124     -28     -60     -92
    -251    -219    -187    -155    -123     -27     -59     -91
    -250    -218    -186    -154    -122     -26     -58     -90
    -249    -217    -185    -153    -121     -25     -57     -89
    -248    -216    -184    -152    -120     -24     -56     -88
    -247    -215    -183    -151    -119     -23     -55     -87
    -246    -214    -182    -150    -118     -22     -54     -86
    -245    -213    -181    -149    -117     -21     -53     -85
    -244    -212    -180    -148    -116     -20     -52     -84
    -243    -211    -179    -147    -115     -19     -51     -83
    -242    -210    -178    -146    -114     -18     -50     -82
    -241    -209    -177    -145    -113     -17     -49     -81
    -240    -208    -176    -144    -112     -16     -48     -80
    -239    -207    -175    -143    -111     -15     -47     -79
    -238    -206    -174    -142    -110     -14     -46     -78
    -237    -205    -173    -141    -109     -13     -45     -77
    -236    -204    -172    -140    -108     -12     -44     -76
    -235    -203    -171    -139    -107     -11     -43     -75
    -234    -202    -170    -138    -106     -10     -42     -74
    -233    -201    -169    -137    -105      -9     -41     -73
    -232    -200    -168    -136    -104      -8     -40     -72
    -231    -199    -167    -135    -103      -7     -39     -71
    -230    -198    -166    -134    -102      -6     -38     -70
    -229    -197    -165    -133    -101      -5     -37     -69
    -228    -196    -164    -132    -100      -4     -36     -68
    -227    -195    -163    -131     -99      -3     -35     -67
    -226    -194    -162    -130     -98      -2     -34     -66
    -225    -193    -161    -129     -97      -1     -33     -65
    -224    -192    -160    -128     -96       0     -32     -64
     225     193     161     129      97       1      33      65
     226     194     162     130      98       2      34      66
     227     195     163     131      99       3      35      67
     228     196     164     132     100       4      36      68
     229     197     165     133     101       5      37      69
     230     198     166     134     102       6      38      70
     231     199     167     135     103       7      39      71
     232     200     168     136     104       8      40      72
     233     201     169     137     105       9      41      73
     234     202     170     138     106      10      42      74
     235     203     171     139     107      11      43      75
     236     204     172     140     108      12      44      76
     237     205     173     141     109      13      45      77
     238     206     174     142     110      14      46      78
     239     207     175     143     111      15      47      79
     240     208     176     144     112      16      48      80
     241     209     177     145     113      17      49      81
     242     210     178     146     114      18      50      82
     243     211     179     147     115      19      51      83
     244     212     180     148     116      20      52      84
     245     213     181     149     117      21      53      85
     246     214     182     150     118      22      54      86
     247     215     183     151     119      23      55      87
     248     216     184     152     120      24      56      88
     249     217     185     153     121      25      57      89
     250     218     186     154     122      26      58      90
     251     219     187     155     123      27      59      91
     252     220     188     156     124      28      60      92
     253     221     189     157     125      29      61      93
     254     222     190     158     126      30      62      94
     255     223     191     159     127      31      63      95
     256     224     192     160     128      32      64      96
