t1 =
    -127    -119    -111    -103     -95     -87     -79     -71     -63
     -55     -47     -39     -31      -7     -15     -23
    -126    -118    -110    -102     -94     -86     -78     -70     -62
     -54     -46     -38     -30      -6     -14     -22
    -125    -117    -109    -101     -93     -85     -77     -69     -61
     -53     -45     -37     -29      -5     -13     -21
    -124    -116    -108    -100     -92     -84     -76     -68     -60
     -52     -44     -36     -28      -4     -12     -20
    -123    -115    -107     -99     -91     -83     -75     -67     -59
     -51     -43     -35     -27      -3     -11     -19
    -122    -114    -106     -98     -90     -82     -74     -66     -58
     -50     -42     -34     -26      -2     -10     -18
    -121    -113    -105     -97     -89     -81     -73     -65     -57
     -49     -41     -33     -25      -1      -9     -17
    -120    -112    -104     -96     -88     -80     -72     -64     -56
     -48     -40     -32     -24       0      -8     -16
     121     113     105      97      89      81      73      65      57
      49      41      33      25       1       9      17
     122     114     106      98      90      82      74      66      58
      50      42      34      26       2      10      18
     123     115     107      99      91      83      75      67      59
      51      43      35      27       3      11      19
     124     116     108     100      92      84      76      68      60
      52      44      36      28       4      12      20
     125     117     109     101      93      85      77      69      61
      53      45      37      29       5      13      21
     126     118     110     102      94      86      78      70      62
      54      46      38      30       6      14      22
     127     119     111     103      95      87      79      71      63
      55      47      39      31       7      15      23
     128     120     112     104      96      88      80      72      64
      56      48      40      32       8      16      24
