t1 =
    -255    -191    -127     -63
    -254    -190    -126     -62
    -253    -189    -125     -61
    -252    -188    -124     -60
    -251    -187    -123     -59
    -250    -186    -122     -58
    -249    -185    -121     -57
    -248    -184    -120     -56
    -247    -183    -119     -55
    -246    -182    -118     -54
    -245    -181    -117     -53
    -244    -180    -116     -52
    -243    -179    -115     -51
    -242    -178    -114     -50
    -241    -177    -113     -49
    -240    -176    -112     -48
    -239    -175    -111     -47
    -238    -174    -110     -46
    -237    -173    -109     -45
    -236    -172    -108     -44
    -235    -171    -107     -43
    -234    -170    -106     -42
    -233    -169    -105     -41
    -232    -168    -104     -40
    -231    -167    -103     -39
    -230    -166    -102     -38
    -229    -165    -101     -37
    -228    -164    -100     -36
    -227    -163     -99     -35
    -226    -162     -98     -34
    -225    -161     -97     -33
    -224    -160     -96     -32
    -223    -159     -95     -31
    -222    -158     -94     -30
    -221    -157     -93     -29
    -220    -156     -92     -28
    -219    -155     -91     -27
    -218    -154     -90     -26
    -217    -153     -89     -25
    -216    -152     -88     -24
    -215    -151     -87     -23
    -214    -150     -86     -22
    -213    -149     -85     -21
    -212    -148     -84     -20
    -211    -147     -83     -19
    -210    -146     -82     -18
    -209    -145     -81     -17
    -208    -144     -80     -16
    -207    -143     -79     -15
    -206    -142     -78     -14
    -205    -141     -77     -13
    -204    -140     -76     -12
    -203    -139     -75     -11
    -202    -138     -74     -10
    -201    -137     -73      -9
    -200    -136     -72      -8
    -199    -135     -71      -7
    -198    -134     -70      -6
    -197    -133     -69      -5
    -196    -132     -68      -4
    -195    -131     -67      -3
    -194    -130     -66      -2
    -193    -129     -65      -1
    -192    -128     -64       0
     193     129      65       1
     194     130      66       2
     195     131      67       3
     196     132      68       4
     197     133      69       5
     198     134      70       6
     199     135      71       7
     200     136      72       8
     201     137      73       9
     202     138      74      10
     203     139      75      11
     204     140      76      12
     205     141      77      13
     206     142      78      14
     207     143      79      15
     208     144      80      16
     209     145      81      17
     210     146      82      18
     211     147      83      19
     212     148      84      20
     213     149      85      21
     214     150      86      22
     215     151      87      23
     216     152      88      24
     217     153      89      25
     218     154      90      26
     219     155      91      27
     220     156      92      28
     221     157      93      29
     222     158      94      30
     223     159      95      31
     224     160      96      32
     225     161      97      33
     226     162      98      34
     227     163      99      35
     228     164     100      36
     229     165     101      37
     230     166     102      38
     231     167     103      39
     232     168     104      40
     233     169     105      41
     234     170     106      42
     235     171     107      43
     236     172     108      44
     237     173     109      45
     238     174     110      46
     239     175     111      47
     240     176     112      48
     241     177     113      49
     242     178     114      50
     243     179     115      51
     244     180     116      52
     245     181     117      53
     246     182     118      54
     247     183     119      55
     248     184     120      56
     249     185     121      57
     250     186     122      58
     251     187     123      59
     252     188     124      60
     253     189     125      61
     254     190     126      62
     255     191     127      63
     256     192     128      64
