t1 =
    -191    -179    -167    -155    -143    -131    -119    -107     -95
     -83     -71     -59     -47     -35     -11     -23
    -190    -178    -166    -154    -142    -130    -118    -106     -94
     -82     -70     -58     -46     -34     -10     -22
    -189    -177    -165    -153    -141    -129    -117    -105     -93
     -81     -69     -57     -45     -33      -9     -21
    -188    -176    -164    -152    -140    -128    -116    -104     -92
     -80     -68     -56     -44     -32      -8     -20
    -187    -175    -163    -151    -139    -127    -115    -103     -91
     -79     -67     -55     -43     -31      -7     -19
    -186    -174    -162    -150    -138    -126    -114    -102     -90
     -78     -66     -54     -42     -30      -6     -18
    -185    -173    -161    -149    -137    -125    -113    -101     -89
     -77     -65     -53     -41     -29      -5     -17
    -184    -172    -160    -148    -136    -124    -112    -100     -88
     -76     -64     -52     -40     -28      -4     -16
    -183    -171    -159    -147    -135    -123    -111     -99     -87
     -75     -63     -51     -39     -27      -3     -15
    -182    -170    -158    -146    -134    -122    -110     -98     -86
     -74     -62     -50     -38     -26      -2     -14
    -181    -169    -157    -145    -133    -121    -109     -97     -85
     -73     -61     -49     -37     -25      -1     -13
    -180    -168    -156    -144    -132    -120    -108     -96     -84
     -72     -60     -48     -36     -24       0     -12
     181     169     157     145     133     121     109      97      85
      73      61      49      37      25       1      13
     182     170     158     146     134     122     110      98      86
      74      62      50      38      26       2      14
     183     171     159     147     135     123     111      99      87
      75      63      51      39      27       3      15
     184     172     160     148     136     124     112     100      88
      76      64      52      40      28       4      16
     185     173     161     149     137     125     113     101      89
      77      65      53      41      29       5      17
     186     174     162     150     138     126     114     102      90
      78      66      54      42      30       6      18
     187     175     163     151     139     127     115     103      91
      79      67      55      43      31       7      19
     188     176     164     152     140     128     116     104      92
      80      68      56      44      32       8      20
     189     177     165     153     141     129     117     105      93
      81      69      57      45      33       9      21
     190     178     166     154     142     130     118     106      94
      82      70      58      46      34      10      22
     191     179     167     155     143     131     119     107      95
      83      71      59      47      35      11      23
     192     180     168     156     144     132     120     108      96
      84      72      60      48      36      12      24
