t1 =
     -95    -191
     -94    -190
     -93    -189
     -92    -188
     -91    -187
     -90    -186
     -89    -185
     -88    -184
     -87    -183
     -86    -182
     -85    -181
     -84    -180
     -83    -179
     -82    -178
     -81    -177
     -80    -176
     -79    -175
     -78    -174
     -77    -173
     -76    -172
     -75    -171
     -74    -170
     -73    -169
     -72    -168
     -71    -167
     -70    -166
     -69    -165
     -68    -164
     -67    -163
     -66    -162
     -65    -161
     -64    -160
     -63    -159
     -62    -158
     -61    -157
     -60    -156
     -59    -155
     -58    -154
     -57    -153
     -56    -152
     -55    -151
     -54    -150
     -53    -149
     -52    -148
     -51    -147
     -50    -146
     -49    -145
     -48    -144
     -47    -143
     -46    -142
     -45    -141
     -44    -140
     -43    -139
     -42    -138
     -41    -137
     -40    -136
     -39    -135
     -38    -134
     -37    -133
     -36    -132
     -35    -131
     -34    -130
     -33    -129
     -32    -128
     -31    -127
     -30    -126
     -29    -125
     -28    -124
     -27    -123
     -26    -122
     -25    -121
     -24    -120
     -23    -119
     -22    -118
     -21    -117
     -20    -116
     -19    -115
     -18    -114
     -17    -113
     -16    -112
     -15    -111
     -14    -110
     -13    -109
     -12    -108
     -11    -107
     -10    -106
      -9    -105
      -8    -104
      -7    -103
      -6    -102
      -5    -101
      -4    -100
      -3     -99
      -2     -98
      -1     -97
       0     -96
       1      97
       2      98
       3      99
       4     100
       5     101
       6     102
       7     103
       8     104
       9     105
      10     106
      11     107
      12     108
      13     109
      14     110
      15     111
      16     112
      17     113
      18     114
      19     115
      20     116
      21     117
      22     118
      23     119
      24     120
      25     121
      26     122
      27     123
      28     124
      29     125
      30     126
      31     127
      32     128
      33     129
      34     130
      35     131
      36     132
      37     133
      38     134
      39     135
      40     136
      41     137
      42     138
      43     139
      44     140
      45     141
      46     142
      47     143
      48     144
      49     145
      50     146
      51     147
      52     148
      53     149
      54     150
      55     151
      56     152
      57     153
      58     154
      59     155
      60     156
      61     157
      62     158
      63     159
      64     160
      65     161
      66     162
      67     163
      68     164
      69     165
      70     166
      71     167
      72     168
      73     169
      74     170
      75     171
      76     172
      77     173
      78     174
      79     175
      80     176
      81     177
      82     178
      83     179
      84     180
      85     181
      86     182
      87     183
      88     184
      89     185
      90     186
      91     187
      92     188
      93     189
      94     190
      95     191
      96     192
