t1 =
     -63     -59     -55     -51     -47     -43     -39     -35     -31
     -27      -3      -7     -11     -15     -19     -23
     -62     -58     -54     -50     -46     -42     -38     -34     -30
     -26      -2      -6     -10     -14     -18     -22
     -61     -57     -53     -49     -45     -41     -37     -33     -29
     -25      -1      -5      -9     -13     -17     -21
     -60     -56     -52     -48     -44     -40     -36     -32     -28
     -24       0      -4      -8     -12     -16     -20
      61      57      53      49      45      41      37      33      29
      25       1       5       9      13      17      21
      62      58      54      50      46      42      38      34      30
      26       2       6      10      14      18      22
      63      59      55      51      47      43      39      35      31
      27       3       7      11      15      19      23
      64      60      56      52      48      44      40      36      32
      28       4       8      12      16      20      24
