t1 =
     -79     -69     -59     -49     -39      -9     -19     -29
     -78     -68     -58     -48     -38      -8     -18     -28
     -77     -67     -57     -47     -37      -7     -17     -27
     -76     -66     -56     -46     -36      -6     -16     -26
     -75     -65     -55     -45     -35      -5     -15     -25
     -74     -64     -54     -44     -34      -4     -14     -24
     -73     -63     -53     -43     -33      -3     -13     -23
     -72     -62     -52     -42     -32      -2     -12     -22
     -71     -61     -51     -41     -31      -1     -11     -21
     -70     -60     -50     -40     -30       0     -10     -20
      71      61      51      41      31       1      11      21
      72      62      52      42      32       2      12      22
      73      63      53      43      33       3      13      23
      74      64      54      44      34       4      14      24
      75      65      55      45      35       5      15      25
      76      66      56      46      36       6      16      26
      77      67      57      47      37       7      17      27
      78      68      58      48      38       8      18      28
      79      69      59      49      39       9      19      29
      80      70      60      50      40      10      20      30
