t1 =
     -79     -59     -39     -19
     -78     -58     -38     -18
     -77     -57     -37     -17
     -76     -56     -36     -16
     -75     -55     -35     -15
     -74     -54     -34     -14
     -73     -53     -33     -13
     -72     -52     -32     -12
     -71     -51     -31     -11
     -70     -50     -30     -10
     -69     -49     -29      -9
     -68     -48     -28      -8
     -67     -47     -27      -7
     -66     -46     -26      -6
     -65     -45     -25      -5
     -64     -44     -24      -4
     -63     -43     -23      -3
     -62     -42     -22      -2
     -61     -41     -21      -1
     -60     -40     -20       0
      61      41      21       1
      62      42      22       2
      63      43      23       3
      64      44      24       4
      65      45      25       5
      66      46      26       6
      67      47      27       7
      68      48      28       8
      69      49      29       9
      70      50      30      10
      71      51      31      11
      72      52      32      12
      73      53      33      13
      74      54      34      14
      75      55      35      15
      76      56      36      16
      77      57      37      17
      78      58      38      18
      79      59      39      19
      80      60      40      20
