t1 =
    -191    -167     -23     -47     -71     -95    -119    -143
    -190    -166     -22     -46     -70     -94    -118    -142
    -189    -165     -21     -45     -69     -93    -117    -141
    -188    -164     -20     -44     -68     -92    -116    -140
    -187    -163     -19     -43     -67     -91    -115    -139
    -186    -162     -18     -42     -66     -90    -114    -138
    -185    -161     -17     -41     -65     -89    -113    -137
    -184    -160     -16     -40     -64     -88    -112    -136
    -183    -159     -15     -39     -63     -87    -111    -135
    -182    -158     -14     -38     -62     -86    -110    -134
    -181    -157     -13     -37     -61     -85    -109    -133
    -180    -156     -12     -36     -60     -84    -108    -132
    -179    -155     -11     -35     -59     -83    -107    -131
    -178    -154     -10     -34     -58     -82    -106    -130
    -177    -153      -9     -33     -57     -81    -105    -129
    -176    -152      -8     -32     -56     -80    -104    -128
    -175    -151      -7     -31     -55     -79    -103    -127
    -174    -150      -6     -30     -54     -78    -102    -126
    -173    -149      -5     -29     -53     -77    -101    -125
    -172    -148      -4     -28     -52     -76    -100    -124
    -171    -147      -3     -27     -51     -75     -99    -123
    -170    -146      -2     -26     -50     -74     -98    -122
    -169    -145      -1     -25     -49     -73     -97    -121
    -168    -144       0     -24     -48     -72     -96    -120
     169     145       1      25      49      73      97     121
     170     146       2      26      50      74      98     122
     171     147       3      27      51      75      99     123
     172     148       4      28      52      76     100     124
     173     149       5      29      53      77     101     125
     174     150       6      30      54      78     102     126
     175     151       7      31      55      79     103     127
     176     152       8      32      56      80     104     128
     177     153       9      33      57      81     105     129
     178     154      10      34      58      82     106     130
     179     155      11      35      59      83     107     131
     180     156      12      36      60      84     108     132
     181     157      13      37      61      85     109     133
     182     158      14      38      62      86     110     134
     183     159      15      39      63      87     111     135
     184     160      16      40      64      88     112     136
     185     161      17      41      65      89     113     137
     186     162      18      42      66      90     114     138
     187     163      19      43      67      91     115     139
     188     164      20      44      68      92     116     140
     189     165      21      45      69      93     117     141
     190     166      22      46      70      94     118     142
     191     167      23      47      71      95     119     143
     192     168      24      48      72      96     120     144
