t1 =
     -79     -39
     -78     -38
     -77     -37
     -76     -36
     -75     -35
     -74     -34
     -73     -33
     -72     -32
     -71     -31
     -70     -30
     -69     -29
     -68     -28
     -67     -27
     -66     -26
     -65     -25
     -64     -24
     -63     -23
     -62     -22
     -61     -21
     -60     -20
     -59     -19
     -58     -18
     -57     -17
     -56     -16
     -55     -15
     -54     -14
     -53     -13
     -52     -12
     -51     -11
     -50     -10
     -49      -9
     -48      -8
     -47      -7
     -46      -6
     -45      -5
     -44      -4
     -43      -3
     -42      -2
     -41      -1
     -40       0
      41       1
      42       2
      43       3
      44       4
      45       5
      46       6
      47       7
      48       8
      49       9
      50      10
      51      11
      52      12
      53      13
      54      14
      55      15
      56      16
      57      17
      58      18
      59      19
      60      20
      61      21
      62      22
      63      23
      64      24
      65      25
      66      26
      67      27
      68      28
      69      29
      70      30
      71      31
      72      32
      73      33
      74      34
      75      35
      76      36
      77      37
      78      38
      79      39
      80      40
