t1 =
    -191    -179    -167    -155    -143    -131    -119    -107     -95
     -83     -11     -23     -35     -47     -59     -71
    -190    -178    -166    -154    -142    -130    -118    -106     -94
     -82     -10     -22     -34     -46     -58     -70
    -189    -177    -165    -153    -141    -129    -117    -105     -93
     -81      -9     -21     -33     -45     -57     -69
    -188    -176    -164    -152    -140    -128    -116    -104     -92
     -80      -8     -20     -32     -44     -56     -68
    -187    -175    -163    -151    -139    -127    -115    -103     -91
     -79      -7     -19     -31     -43     -55     -67
    -186    -174    -162    -150    -138    -126    -114    -102     -90
     -78      -6     -18     -30     -42     -54     -66
    -185    -173    -161    -149    -137    -125    -113    -101     -89
     -77      -5     -17     -29     -41     -53     -65
    -184    -172    -160    -148    -136    -124    -112    -100     -88
     -76      -4     -16     -28     -40     -52     -64
    -183    -171    -159    -147    -135    -123    -111     -99     -87
     -75      -3     -15     -27     -39     -51     -63
    -182    -170    -158    -146    -134    -122    -110     -98     -86
     -74      -2     -14     -26     -38     -50     -62
    -181    -169    -157    -145    -133    -121    -109     -97     -85
     -73      -1     -13     -25     -37     -49     -61
    -180    -168    -156    -144    -132    -120    -108     -96     -84
     -72       0     -12     -24     -36     -48     -60
     181     169     157     145     133     121     109      97      85
      73       1      13      25      37      49      61
     182     170     158     146     134     122     110      98      86
      74       2      14      26      38      50      62
     183     171     159     147     135     123     111      99      87
      75       3      15      27      39      51      63
     184     172     160     148     136     124     112     100      88
      76       4      16      28      40      52      64
     185     173     161     149     137     125     113     101      89
      77       5      17      29      41      53      65
     186     174     162     150     138     126     114     102      90
      78       6      18      30      42      54      66
     187     175     163     151     139     127     115     103      91
      79       7      19      31      43      55      67
     188     176     164     152     140     128     116     104      92
      80       8      20      32      44      56      68
     189     177     165     153     141     129     117     105      93
      81       9      21      33      45      57      69
     190     178     166     154     142     130     118     106      94
      82      10      22      34      46      58      70
     191     179     167     155     143     131     119     107      95
      83      11      23      35      47      59      71
     192     180     168     156     144     132     120     108      96
      84      12      24      36      48      60      72
