t1 =
    -191    -179    -167    -155    -143    -131    -119    -107     -11
     -23     -35     -47     -59     -71     -83     -95
    -190    -178    -166    -154    -142    -130    -118    -106     -10
     -22     -34     -46     -58     -70     -82     -94
    -189    -177    -165    -153    -141    -129    -117    -105      -9
     -21     -33     -45     -57     -69     -81     -93
    -188    -176    -164    -152    -140    -128    -116    -104      -8
     -20     -32     -44     -56     -68     -80     -92
    -187    -175    -163    -151    -139    -127    -115    -103      -7
     -19     -31     -43     -55     -67     -79     -91
    -186    -174    -162    -150    -138    -126    -114    -102      -6
     -18     -30     -42     -54     -66     -78     -90
    -185    -173    -161    -149    -137    -125    -113    -101      -5
     -17     -29     -41     -53     -65     -77     -89
    -184    -172    -160    -148    -136    -124    -112    -100      -4
     -16     -28     -40     -52     -64     -76     -88
    -183    -171    -159    -147    -135    -123    -111     -99      -3
     -15     -27     -39     -51     -63     -75     -87
    -182    -170    -158    -146    -134    -122    -110     -98      -2
     -14     -26     -38     -50     -62     -74     -86
    -181    -169    -157    -145    -133    -121    -109     -97      -1
     -13     -25     -37     -49     -61     -73     -85
    -180    -168    -156    -144    -132    -120    -108     -96       0
     -12     -24     -36     -48     -60     -72     -84
     181     169     157     145     133     121     109      97       1
      13      25      37      49      61      73      85
     182     170     158     146     134     122     110      98       2
      14      26      38      50      62      74      86
     183     171     159     147     135     123     111      99       3
      15      27      39      51      63      75      87
     184     172     160     148     136     124     112     100       4
      16      28      40      52      64      76      88
     185     173     161     149     137     125     113     101       5
      17      29      41      53      65      77      89
     186     174     162     150     138     126     114     102       6
      18      30      42      54      66      78      90
     187     175     163     151     139     127     115     103       7
      19      31      43      55      67      79      91
     188     176     164     152     140     128     116     104       8
      20      32      44      56      68      80      92
     189     177     165     153     141     129     117     105       9
      21      33      45      57      69      81      93
     190     178     166     154     142     130     118     106      10
      22      34      46      58      70      82      94
     191     179     167     155     143     131     119     107      11
      23      35      47      59      71      83      95
     192     180     168     156     144     132     120     108      12
      24      36      48      60      72      84      96
