t1 =
    -255    -223    -191    -159    -127     -95     -63     -31
    -254    -222    -190    -158    -126     -94     -62     -30
    -253    -221    -189    -157    -125     -93     -61     -29
    -252    -220    -188    -156    -124     -92     -60     -28
    -251    -219    -187    -155    -123     -91     -59     -27
    -250    -218    -186    -154    -122     -90     -58     -26
    -249    -217    -185    -153    -121     -89     -57     -25
    -248    -216    -184    -152    -120     -88     -56     -24
    -247    -215    -183    -151    -119     -87     -55     -23
    -246    -214    -182    -150    -118     -86     -54     -22
    -245    -213    -181    -149    -117     -85     -53     -21
    -244    -212    -180    -148    -116     -84     -52     -20
    -243    -211    -179    -147    -115     -83     -51     -19
    -242    -210    -178    -146    -114     -82     -50     -18
    -241    -209    -177    -145    -113     -81     -49     -17
    -240    -208    -176    -144    -112     -80     -48     -16
    -239    -207    -175    -143    -111     -79     -47     -15
    -238    -206    -174    -142    -110     -78     -46     -14
    -237    -205    -173    -141    -109     -77     -45     -13
    -236    -204    -172    -140    -108     -76     -44     -12
    -235    -203    -171    -139    -107     -75     -43     -11
    -234    -202    -170    -138    -106     -74     -42     -10
    -233    -201    -169    -137    -105     -73     -41      -9
    -232    -200    -168    -136    -104     -72     -40      -8
    -231    -199    -167    -135    -103     -71     -39      -7
    -230    -198    -166    -134    -102     -70     -38      -6
    -229    -197    -165    -133    -101     -69     -37      -5
    -228    -196    -164    -132    -100     -68     -36      -4
    -227    -195    -163    -131     -99     -67     -35      -3
    -226    -194    -162    -130     -98     -66     -34      -2
    -225    -193    -161    -129     -97     -65     -33      -1
    -224    -192    -160    -128     -96     -64     -32       0
     225     193     161     129      97      65      33       1
     226     194     162     130      98      66      34       2
     227     195     163     131      99      67      35       3
     228     196     164     132     100      68      36       4
     229     197     165     133     101      69      37       5
     230     198     166     134     102      70      38       6
     231     199     167     135     103      71      39       7
     232     200     168     136     104      72      40       8
     233     201     169     137     105      73      41       9
     234     202     170     138     106      74      42      10
     235     203     171     139     107      75      43      11
     236     204     172     140     108      76      44      12
     237     205     173     141     109      77      45      13
     238     206     174     142     110      78      46      14
     239     207     175     143     111      79      47      15
     240     208     176     144     112      80      48      16
     241     209     177     145     113      81      49      17
     242     210     178     146     114      82      50      18
     243     211     179     147     115      83      51      19
     244     212     180     148     116      84      52      20
     245     213     181     149     117      85      53      21
     246     214     182     150     118      86      54      22
     247     215     183     151     119      87      55      23
     248     216     184     152     120      88      56      24
     249     217     185     153     121      89      57      25
     250     218     186     154     122      90      58      26
     251     219     187     155     123      91      59      27
     252     220     188     156     124      92      60      28
     253     221     189     157     125      93      61      29
     254     222     190     158     126      94      62      30
     255     223     191     159     127      95      63      31
     256     224     192     160     128      96      64      32
