t1 =
     -95     -71     -47     -23
     -94     -70     -46     -22
     -93     -69     -45     -21
     -92     -68     -44     -20
     -91     -67     -43     -19
     -90     -66     -42     -18
     -89     -65     -41     -17
     -88     -64     -40     -16
     -87     -63     -39     -15
     -86     -62     -38     -14
     -85     -61     -37     -13
     -84     -60     -36     -12
     -83     -59     -35     -11
     -82     -58     -34     -10
     -81     -57     -33      -9
     -80     -56     -32      -8
     -79     -55     -31      -7
     -78     -54     -30      -6
     -77     -53     -29      -5
     -76     -52     -28      -4
     -75     -51     -27      -3
     -74     -50     -26      -2
     -73     -49     -25      -1
     -72     -48     -24       0
      73      49      25       1
      74      50      26       2
      75      51      27       3
      76      52      28       4
      77      53      29       5
      78      54      30       6
      79      55      31       7
      80      56      32       8
      81      57      33       9
      82      58      34      10
      83      59      35      11
      84      60      36      12
      85      61      37      13
      86      62      38      14
      87      63      39      15
      88      64      40      16
      89      65      41      17
      90      66      42      18
      91      67      43      19
      92      68      44      20
      93      69      45      21
      94      70      46      22
      95      71      47      23
      96      72      48      24
