t1 =
    -191    -179    -167    -155    -143    -131    -119    -107     -95
     -83     -71     -11     -23     -35     -47     -59
    -190    -178    -166    -154    -142    -130    -118    -106     -94
     -82     -70     -10     -22     -34     -46     -58
    -189    -177    -165    -153    -141    -129    -117    -105     -93
     -81     -69      -9     -21     -33     -45     -57
    -188    -176    -164    -152    -140    -128    -116    -104     -92
     -80     -68      -8     -20     -32     -44     -56
    -187    -175    -163    -151    -139    -127    -115    -103     -91
     -79     -67      -7     -19     -31     -43     -55
    -186    -174    -162    -150    -138    -126    -114    -102     -90
     -78     -66      -6     -18     -30     -42     -54
    -185    -173    -161    -149    -137    -125    -113    -101     -89
     -77     -65      -5     -17     -29     -41     -53
    -184    -172    -160    -148    -136    -124    -112    -100     -88
     -76     -64      -4     -16     -28     -40     -52
    -183    -171    -159    -147    -135    -123    -111     -99     -87
     -75     -63      -3     -15     -27     -39     -51
    -182    -170    -158    -146    -134    -122    -110     -98     -86
     -74     -62      -2     -14     -26     -38     -50
    -181    -169    -157    -145    -133    -121    -109     -97     -85
     -73     -61      -1     -13     -25     -37     -49
    -180    -168    -156    -144    -132    -120    -108     -96     -84
     -72     -60       0     -12     -24     -36     -48
     181     169     157     145     133     121     109      97      85
      73      61       1      13      25      37      49
     182     170     158     146     134     122     110      98      86
      74      62       2      14      26      38      50
     183     171     159     147     135     123     111      99      87
      75      63       3      15      27      39      51
     184     172     160     148     136     124     112     100      88
      76      64       4      16      28      40      52
     185     173     161     149     137     125     113     101      89
      77      65       5      17      29      41      53
     186     174     162     150     138     126     114     102      90
      78      66       6      18      30      42      54
     187     175     163     151     139     127     115     103      91
      79      67       7      19      31      43      55
     188     176     164     152     140     128     116     104      92
      80      68       8      20      32      44      56
     189     177     165     153     141     129     117     105      93
      81      69       9      21      33      45      57
     190     178     166     154     142     130     118     106      94
      82      70      10      22      34      46      58
     191     179     167     155     143     131     119     107      95
      83      71      11      23      35      47      59
     192     180     168     156     144     132     120     108      96
      84      72      12      24      36      48      60
