t1 =
     -79     -69     -59      -9     -19     -29     -39     -49
     -78     -68     -58      -8     -18     -28     -38     -48
     -77     -67     -57      -7     -17     -27     -37     -47
     -76     -66     -56      -6     -16     -26     -36     -46
     -75     -65     -55      -5     -15     -25     -35     -45
     -74     -64     -54      -4     -14     -24     -34     -44
     -73     -63     -53      -3     -13     -23     -33     -43
     -72     -62     -52      -2     -12     -22     -32     -42
     -71     -61     -51      -1     -11     -21     -31     -41
     -70     -60     -50       0     -10     -20     -30     -40
      71      61      51       1      11      21      31      41
      72      62      52       2      12      22      32      42
      73      63      53       3      13      23      33      43
      74      64      54       4      14      24      34      44
      75      65      55       5      15      25      35      45
      76      66      56       6      16      26      36      46
      77      67      57       7      17      27      37      47
      78      68      58       8      18      28      38      48
      79      69      59       9      19      29      39      49
      80      70      60      10      20      30      40      50
