t1 =
    -127    -255
    -126    -254
    -125    -253
    -124    -252
    -123    -251
    -122    -250
    -121    -249
    -120    -248
    -119    -247
    -118    -246
    -117    -245
    -116    -244
    -115    -243
    -114    -242
    -113    -241
    -112    -240
    -111    -239
    -110    -238
    -109    -237
    -108    -236
    -107    -235
    -106    -234
    -105    -233
    -104    -232
    -103    -231
    -102    -230
    -101    -229
    -100    -228
     -99    -227
     -98    -226
     -97    -225
     -96    -224
     -95    -223
     -94    -222
     -93    -221
     -92    -220
     -91    -219
     -90    -218
     -89    -217
     -88    -216
     -87    -215
     -86    -214
     -85    -213
     -84    -212
     -83    -211
     -82    -210
     -81    -209
     -80    -208
     -79    -207
     -78    -206
     -77    -205
     -76    -204
     -75    -203
     -74    -202
     -73    -201
     -72    -200
     -71    -199
     -70    -198
     -69    -197
     -68    -196
     -67    -195
     -66    -194
     -65    -193
     -64    -192
     -63    -191
     -62    -190
     -61    -189
     -60    -188
     -59    -187
     -58    -186
     -57    -185
     -56    -184
     -55    -183
     -54    -182
     -53    -181
     -52    -180
     -51    -179
     -50    -178
     -49    -177
     -48    -176
     -47    -175
     -46    -174
     -45    -173
     -44    -172
     -43    -171
     -42    -170
     -41    -169
     -40    -168
     -39    -167
     -38    -166
     -37    -165
     -36    -164
     -35    -163
     -34    -162
     -33    -161
     -32    -160
     -31    -159
     -30    -158
     -29    -157
     -28    -156
     -27    -155
     -26    -154
     -25    -153
     -24    -152
     -23    -151
     -22    -150
     -21    -149
     -20    -148
     -19    -147
     -18    -146
     -17    -145
     -16    -144
     -15    -143
     -14    -142
     -13    -141
     -12    -140
     -11    -139
     -10    -138
      -9    -137
      -8    -136
      -7    -135
      -6    -134
      -5    -133
      -4    -132
      -3    -131
      -2    -130
      -1    -129
       0    -128
       1     129
       2     130
       3     131
       4     132
       5     133
       6     134
       7     135
       8     136
       9     137
      10     138
      11     139
      12     140
      13     141
      14     142
      15     143
      16     144
      17     145
      18     146
      19     147
      20     148
      21     149
      22     150
      23     151
      24     152
      25     153
      26     154
      27     155
      28     156
      29     157
      30     158
      31     159
      32     160
      33     161
      34     162
      35     163
      36     164
      37     165
      38     166
      39     167
      40     168
      41     169
      42     170
      43     171
      44     172
      45     173
      46     174
      47     175
      48     176
      49     177
      50     178
      51     179
      52     180
      53     181
      54     182
      55     183
      56     184
      57     185
      58     186
      59     187
      60     188
      61     189
      62     190
      63     191
      64     192
      65     193
      66     194
      67     195
      68     196
      69     197
      70     198
      71     199
      72     200
      73     201
      74     202
      75     203
      76     204
      77     205
      78     206
      79     207
      80     208
      81     209
      82     210
      83     211
      84     212
      85     213
      86     214
      87     215
      88     216
      89     217
      90     218
      91     219
      92     220
      93     221
      94     222
      95     223
      96     224
      97     225
      98     226
      99     227
     100     228
     101     229
     102     230
     103     231
     104     232
     105     233
     106     234
     107     235
     108     236
     109     237
     110     238
     111     239
     112     240
     113     241
     114     242
     115     243
     116     244
     117     245
     118     246
     119     247
     120     248
     121     249
     122     250
     123     251
     124     252
     125     253
     126     254
     127     255
     128     256
