t1 =
     -95     -89     -83     -77     -71     -65     -59     -53     -47
     -41      -5     -11     -17     -23     -29     -35
     -94     -88     -82     -76     -70     -64     -58     -52     -46
     -40      -4     -10     -16     -22     -28     -34
     -93     -87     -81     -75     -69     -63     -57     -51     -45
     -39      -3      -9     -15     -21     -27     -33
     -92     -86     -80     -74     -68     -62     -56     -50     -44
     -38      -2      -8     -14     -20     -26     -32
     -91     -85     -79     -73     -67     -61     -55     -49     -43
     -37      -1      -7     -13     -19     -25     -31
     -90     -84     -78     -72     -66     -60     -54     -48     -42
     -36       0      -6     -12     -18     -24     -30
      91      85      79      73      67      61      55      49      43
      37       1       7      13      19      25      31
      92      86      80      74      68      62      56      50      44
      38       2       8      14      20      26      32
      93      87      81      75      69      63      57      51      45
      39       3       9      15      21      27      33
      94      88      82      76      70      64      58      52      46
      40       4      10      16      22      28      34
      95      89      83      77      71      65      59      53      47
      41       5      11      17      23      29      35
      96      90      84      78      72      66      60      54      48
      42       6      12      18      24      30      36
