t1 =
     -95     -83     -71     -59     -47     -11     -23     -35
     -94     -82     -70     -58     -46     -10     -22     -34
     -93     -81     -69     -57     -45      -9     -21     -33
     -92     -80     -68     -56     -44      -8     -20     -32
     -91     -79     -67     -55     -43      -7     -19     -31
     -90     -78     -66     -54     -42      -6     -18     -30
     -89     -77     -65     -53     -41      -5     -17     -29
     -88     -76     -64     -52     -40      -4     -16     -28
     -87     -75     -63     -51     -39      -3     -15     -27
     -86     -74     -62     -50     -38      -2     -14     -26
     -85     -73     -61     -49     -37      -1     -13     -25
     -84     -72     -60     -48     -36       0     -12     -24
      85      73      61      49      37       1      13      25
      86      74      62      50      38       2      14      26
      87      75      63      51      39       3      15      27
      88      76      64      52      40       4      16      28
      89      77      65      53      41       5      17      29
      90      78      66      54      42       6      18      30
      91      79      67      55      43       7      19      31
      92      80      68      56      44       8      20      32
      93      81      69      57      45       9      21      33
      94      82      70      58      46      10      22      34
      95      83      71      59      47      11      23      35
      96      84      72      60      48      12      24      36
