t1 =
     -95     -83     -11     -23     -35     -47     -59     -71
     -94     -82     -10     -22     -34     -46     -58     -70
     -93     -81      -9     -21     -33     -45     -57     -69
     -92     -80      -8     -20     -32     -44     -56     -68
     -91     -79      -7     -19     -31     -43     -55     -67
     -90     -78      -6     -18     -30     -42     -54     -66
     -89     -77      -5     -17     -29     -41     -53     -65
     -88     -76      -4     -16     -28     -40     -52     -64
     -87     -75      -3     -15     -27     -39     -51     -63
     -86     -74      -2     -14     -26     -38     -50     -62
     -85     -73      -1     -13     -25     -37     -49     -61
     -84     -72       0     -12     -24     -36     -48     -60
      85      73       1      13      25      37      49      61
      86      74       2      14      26      38      50      62
      87      75       3      15      27      39      51      63
      88      76       4      16      28      40      52      64
      89      77       5      17      29      41      53      65
      90      78       6      18      30      42      54      66
      91      79       7      19      31      43      55      67
      92      80       8      20      32      44      56      68
      93      81       9      21      33      45      57      69
      94      82      10      22      34      46      58      70
      95      83      11      23      35      47      59      71
      96      84      12      24      36      48      60      72
