t1 =
    -191    -167    -143    -119     -23     -47     -71     -95
    -190    -166    -142    -118     -22     -46     -70     -94
    -189    -165    -141    -117     -21     -45     -69     -93
    -188    -164    -140    -116     -20     -44     -68     -92
    -187    -163    -139    -115     -19     -43     -67     -91
    -186    -162    -138    -114     -18     -42     -66     -90
    -185    -161    -137    -113     -17     -41     -65     -89
    -184    -160    -136    -112     -16     -40     -64     -88
    -183    -159    -135    -111     -15     -39     -63     -87
    -182    -158    -134    -110     -14     -38     -62     -86
    -181    -157    -133    -109     -13     -37     -61     -85
    -180    -156    -132    -108     -12     -36     -60     -84
    -179    -155    -131    -107     -11     -35     -59     -83
    -178    -154    -130    -106     -10     -34     -58     -82
    -177    -153    -129    -105      -9     -33     -57     -81
    -176    -152    -128    -104      -8     -32     -56     -80
    -175    -151    -127    -103      -7     -31     -55     -79
    -174    -150    -126    -102      -6     -30     -54     -78
    -173    -149    -125    -101      -5     -29     -53     -77
    -172    -148    -124    -100      -4     -28     -52     -76
    -171    -147    -123     -99      -3     -27     -51     -75
    -170    -146    -122     -98      -2     -26     -50     -74
    -169    -145    -121     -97      -1     -25     -49     -73
    -168    -144    -120     -96       0     -24     -48     -72
     169     145     121      97       1      25      49      73
     170     146     122      98       2      26      50      74
     171     147     123      99       3      27      51      75
     172     148     124     100       4      28      52      76
     173     149     125     101       5      29      53      77
     174     150     126     102       6      30      54      78
     175     151     127     103       7      31      55      79
     176     152     128     104       8      32      56      80
     177     153     129     105       9      33      57      81
     178     154     130     106      10      34      58      82
     179     155     131     107      11      35      59      83
     180     156     132     108      12      36      60      84
     181     157     133     109      13      37      61      85
     182     158     134     110      14      38      62      86
     183     159     135     111      15      39      63      87
     184     160     136     112      16      40      64      88
     185     161     137     113      17      41      65      89
     186     162     138     114      18      42      66      90
     187     163     139     115      19      43      67      91
     188     164     140     116      20      44      68      92
     189     165     141     117      21      45      69      93
     190     166     142     118      22      46      70      94
     191     167     143     119      23      47      71      95
     192     168     144     120      24      48      72      96
