t1 = 
     0     0     0     0
   -35   -71  -107  -143
   -34   -70  -106  -142
   -33   -69  -105  -141
   -32   -68  -104  -140
   -31   -67  -103  -139
   -30   -66  -102  -138
   -29   -65  -101  -137
   -28   -64  -100  -136
   -27   -63   -99  -135
   -26   -62   -98  -134
   -25   -61   -97  -133
   -24   -60   -96  -132
   -23   -59   -95  -131
   -22   -58   -94  -130
   -21   -57   -93  -129
   -20   -56   -92  -128
   -19   -55   -91  -127
   -18   -54   -90  -126
   -17   -53   -89  -125
   -16   -52   -88  -124
   -15   -51   -87  -123
   -14   -50   -86  -122
   -13   -49   -85  -121
   -12   -48   -84  -120
   -11   -47   -83  -119
   -10   -46   -82  -118
    -9   -45   -81  -117
    -8   -44   -80  -116
    -7   -43   -79  -115
    -6   -42   -78  -114
    -5   -41   -77  -113
    -4   -40   -76  -112
    -3   -39   -75  -111
    -2   -38   -74  -110
    -1   -37   -73  -109
     0   -36   -72  -108
     1    37    73   109
     2    38    74   110
     3    39    75   111
     4    40    76   112
     5    41    77   113
     6    42    78   114
     7    43    79   115
     8    44    80   116
     9    45    81   117
    10    46    82   118
    11    47    83   119
    12    48    84   120
    13    49    85   121
    14    50    86   122
    15    51    87   123
    16    52    88   124
    17    53    89   125
    18    54    90   126
    19    55    91   127
    20    56    92   128
    21    57    93   129
    22    58    94   130
    23    59    95   131
    24    60    96   132
    25    61    97   133
    26    62    98   134
    27    63    99   135
    28    64   100   136
    29    65   101   137
    30    66   102   138
    31    67   103   139
    32    68   104   140
    33    69   105   141
    34    70   106   142
    35    71   107   143
    36    72   108   144
