t1 =
    -191    -179    -167    -155    -143    -131    -119    -107     -95
     -83     -71     -59     -11     -23     -35     -47
    -190    -178    -166    -154    -142    -130    -118    -106     -94
     -82     -70     -58     -10     -22     -34     -46
    -189    -177    -165    -153    -141    -129    -117    -105     -93
     -81     -69     -57      -9     -21     -33     -45
    -188    -176    -164    -152    -140    -128    -116    -104     -92
     -80     -68     -56      -8     -20     -32     -44
    -187    -175    -163    -151    -139    -127    -115    -103     -91
     -79     -67     -55      -7     -19     -31     -43
    -186    -174    -162    -150    -138    -126    -114    -102     -90
     -78     -66     -54      -6     -18     -30     -42
    -185    -173    -161    -149    -137    -125    -113    -101     -89
     -77     -65     -53      -5     -17     -29     -41
    -184    -172    -160    -148    -136    -124    -112    -100     -88
     -76     -64     -52      -4     -16     -28     -40
    -183    -171    -159    -147    -135    -123    -111     -99     -87
     -75     -63     -51      -3     -15     -27     -39
    -182    -170    -158    -146    -134    -122    -110     -98     -86
     -74     -62     -50      -2     -14     -26     -38
    -181    -169    -157    -145    -133    -121    -109     -97     -85
     -73     -61     -49      -1     -13     -25     -37
    -180    -168    -156    -144    -132    -120    -108     -96     -84
     -72     -60     -48       0     -12     -24     -36
     181     169     157     145     133     121     109      97      85
      73      61      49       1      13      25      37
     182     170     158     146     134     122     110      98      86
      74      62      50       2      14      26      38
     183     171     159     147     135     123     111      99      87
      75      63      51       3      15      27      39
     184     172     160     148     136     124     112     100      88
      76      64      52       4      16      28      40
     185     173     161     149     137     125     113     101      89
      77      65      53       5      17      29      41
     186     174     162     150     138     126     114     102      90
      78      66      54       6      18      30      42
     187     175     163     151     139     127     115     103      91
      79      67      55       7      19      31      43
     188     176     164     152     140     128     116     104      92
      80      68      56       8      20      32      44
     189     177     165     153     141     129     117     105      93
      81      69      57       9      21      33      45
     190     178     166     154     142     130     118     106      94
      82      70      58      10      22      34      46
     191     179     167     155     143     131     119     107      95
      83      71      59      11      23      35      47
     192     180     168     156     144     132     120     108      96
      84      72      60      12      24      36      48
