t1 =
     -95     -83     -71     -59     -47     -35     -23     -11
     -94     -82     -70     -58     -46     -34     -22     -10
     -93     -81     -69     -57     -45     -33     -21      -9
     -92     -80     -68     -56     -44     -32     -20      -8
     -91     -79     -67     -55     -43     -31     -19      -7
     -90     -78     -66     -54     -42     -30     -18      -6
     -89     -77     -65     -53     -41     -29     -17      -5
     -88     -76     -64     -52     -40     -28     -16      -4
     -87     -75     -63     -51     -39     -27     -15      -3
     -86     -74     -62     -50     -38     -26     -14      -2
     -85     -73     -61     -49     -37     -25     -13      -1
     -84     -72     -60     -48     -36     -24     -12       0
      85      73      61      49      37      25      13       1
      86      74      62      50      38      26      14       2
      87      75      63      51      39      27      15       3
      88      76      64      52      40      28      16       4
      89      77      65      53      41      29      17       5
      90      78      66      54      42      30      18       6
      91      79      67      55      43      31      19       7
      92      80      68      56      44      32      20       8
      93      81      69      57      45      33      21       9
      94      82      70      58      46      34      22      10
      95      83      71      59      47      35      23      11
      96      84      72      60      48      36      24      12
