t1 =
    -191    -179    -167    -155    -143    -131    -119    -107     -95
     -83     -71     -59     -47     -11     -23     -35
    -190    -178    -166    -154    -142    -130    -118    -106     -94
     -82     -70     -58     -46     -10     -22     -34
    -189    -177    -165    -153    -141    -129    -117    -105     -93
     -81     -69     -57     -45      -9     -21     -33
    -188    -176    -164    -152    -140    -128    -116    -104     -92
     -80     -68     -56     -44      -8     -20     -32
    -187    -175    -163    -151    -139    -127    -115    -103     -91
     -79     -67     -55     -43      -7     -19     -31
    -186    -174    -162    -150    -138    -126    -114    -102     -90
     -78     -66     -54     -42      -6     -18     -30
    -185    -173    -161    -149    -137    -125    -113    -101     -89
     -77     -65     -53     -41      -5     -17     -29
    -184    -172    -160    -148    -136    -124    -112    -100     -88
     -76     -64     -52     -40      -4     -16     -28
    -183    -171    -159    -147    -135    -123    -111     -99     -87
     -75     -63     -51     -39      -3     -15     -27
    -182    -170    -158    -146    -134    -122    -110     -98     -86
     -74     -62     -50     -38      -2     -14     -26
    -181    -169    -157    -145    -133    -121    -109     -97     -85
     -73     -61     -49     -37      -1     -13     -25
    -180    -168    -156    -144    -132    -120    -108     -96     -84
     -72     -60     -48     -36       0     -12     -24
     181     169     157     145     133     121     109      97      85
      73      61      49      37       1      13      25
     182     170     158     146     134     122     110      98      86
      74      62      50      38       2      14      26
     183     171     159     147     135     123     111      99      87
      75      63      51      39       3      15      27
     184     172     160     148     136     124     112     100      88
      76      64      52      40       4      16      28
     185     173     161     149     137     125     113     101      89
      77      65      53      41       5      17      29
     186     174     162     150     138     126     114     102      90
      78      66      54      42       6      18      30
     187     175     163     151     139     127     115     103      91
      79      67      55      43       7      19      31
     188     176     164     152     140     128     116     104      92
      80      68      56      44       8      20      32
     189     177     165     153     141     129     117     105      93
      81      69      57      45       9      21      33
     190     178     166     154     142     130     118     106      94
      82      70      58      46      10      22      34
     191     179     167     155     143     131     119     107      95
      83      71      59      47      11      23      35
     192     180     168     156     144     132     120     108      96
      84      72      60      48      12      24      36
