t1 =
    -127    -119    -111    -103     -95     -87     -79     -71     -63
     -55     -47     -39      -7     -15     -23     -31
    -126    -118    -110    -102     -94     -86     -78     -70     -62
     -54     -46     -38      -6     -14     -22     -30
    -125    -117    -109    -101     -93     -85     -77     -69     -61
     -53     -45     -37      -5     -13     -21     -29
    -124    -116    -108    -100     -92     -84     -76     -68     -60
     -52     -44     -36      -4     -12     -20     -28
    -123    -115    -107     -99     -91     -83     -75     -67     -59
     -51     -43     -35      -3     -11     -19     -27
    -122    -114    -106     -98     -90     -82     -74     -66     -58
     -50     -42     -34      -2     -10     -18     -26
    -121    -113    -105     -97     -89     -81     -73     -65     -57
     -49     -41     -33      -1      -9     -17     -25
    -120    -112    -104     -96     -88     -80     -72     -64     -56
     -48     -40     -32       0      -8     -16     -24
     121     113     105      97      89      81      73      65      57
      49      41      33       1       9      17      25
     122     114     106      98      90      82      74      66      58
      50      42      34       2      10      18      26
     123     115     107      99      91      83      75      67      59
      51      43      35       3      11      19      27
     124     116     108     100      92      84      76      68      60
      52      44      36       4      12      20      28
     125     117     109     101      93      85      77      69      61
      53      45      37       5      13      21      29
     126     118     110     102      94      86      78      70      62
      54      46      38       6      14      22      30
     127     119     111     103      95      87      79      71      63
      55      47      39       7      15      23      31
     128     120     112     104      96      88      80      72      64
      56      48      40       8      16      24      32
