t1 =
     -79     -74     -69     -64     -59     -54     -49     -44     -39
     -34      -4      -9     -14     -19     -24     -29
     -78     -73     -68     -63     -58     -53     -48     -43     -38
     -33      -3      -8     -13     -18     -23     -28
     -77     -72     -67     -62     -57     -52     -47     -42     -37
     -32      -2      -7     -12     -17     -22     -27
     -76     -71     -66     -61     -56     -51     -46     -41     -36
     -31      -1      -6     -11     -16     -21     -26
     -75     -70     -65     -60     -55     -50     -45     -40     -35
     -30       0      -5     -10     -15     -20     -25
      76      71      66      61      56      51      46      41      36
      31       1       6      11      16      21      26
      77      72      67      62      57      52      47      42      37
      32       2       7      12      17      22      27
      78      73      68      63      58      53      48      43      38
      33       3       8      13      18      23      28
      79      74      69      64      59      54      49      44      39
      34       4       9      14      19      24      29
      80      75      70      65      60      55      50      45      40
      35       5      10      15      20      25      30
