t1 =
     -79     -74     -69     -64     -59     -54     -49     -44     -39
     -34     -29     -24      -4      -9     -14     -19
     -78     -73     -68     -63     -58     -53     -48     -43     -38
     -33     -28     -23      -3      -8     -13     -18
     -77     -72     -67     -62     -57     -52     -47     -42     -37
     -32     -27     -22      -2      -7     -12     -17
     -76     -71     -66     -61     -56     -51     -46     -41     -36
     -31     -26     -21      -1      -6     -11     -16
     -75     -70     -65     -60     -55     -50     -45     -40     -35
     -30     -25     -20       0      -5     -10     -15
      76      71      66      61      56      51      46      41      36
      31      26      21       1       6      11      16
      77      72      67      62      57      52      47      42      37
      32      27      22       2       7      12      17
      78      73      68      63      58      53      48      43      38
      33      28      23       3       8      13      18
      79      74      69      64      59      54      49      44      39
      34      29      24       4       9      14      19
      80      75      70      65      60      55      50      45      40
      35      30      25       5      10      15      20
