t1 =
     -79     -74     -69     -64     -59      -4      -9     -14     -19
     -24     -29     -34     -39     -44     -49     -54
     -78     -73     -68     -63     -58      -3      -8     -13     -18
     -23     -28     -33     -38     -43     -48     -53
     -77     -72     -67     -62     -57      -2      -7     -12     -17
     -22     -27     -32     -37     -42     -47     -52
     -76     -71     -66     -61     -56      -1      -6     -11     -16
     -21     -26     -31     -36     -41     -46     -51
     -75     -70     -65     -60     -55       0      -5     -10     -15
     -20     -25     -30     -35     -40     -45     -50
      76      71      66      61      56       1       6      11      16
      21      26      31      36      41      46      51
      77      72      67      62      57       2       7      12      17
      22      27      32      37      42      47      52
      78      73      68      63      58       3       8      13      18
      23      28      33      38      43      48      53
      79      74      69      64      59       4       9      14      19
      24      29      34      39      44      49      54
      80      75      70      65      60       5      10      15      20
      25      30      35      40      45      50      55
