t1 =
     -95     -83     -71     -59     -47     -35     -11     -23
     -94     -82     -70     -58     -46     -34     -10     -22
     -93     -81     -69     -57     -45     -33      -9     -21
     -92     -80     -68     -56     -44     -32      -8     -20
     -91     -79     -67     -55     -43     -31      -7     -19
     -90     -78     -66     -54     -42     -30      -6     -18
     -89     -77     -65     -53     -41     -29      -5     -17
     -88     -76     -64     -52     -40     -28      -4     -16
     -87     -75     -63     -51     -39     -27      -3     -15
     -86     -74     -62     -50     -38     -26      -2     -14
     -85     -73     -61     -49     -37     -25      -1     -13
     -84     -72     -60     -48     -36     -24       0     -12
      85      73      61      49      37      25       1      13
      86      74      62      50      38      26       2      14
      87      75      63      51      39      27       3      15
      88      76      64      52      40      28       4      16
      89      77      65      53      41      29       5      17
      90      78      66      54      42      30       6      18
      91      79      67      55      43      31       7      19
      92      80      68      56      44      32       8      20
      93      81      69      57      45      33       9      21
      94      82      70      58      46      34      10      22
      95      83      71      59      47      35      11      23
      96      84      72      60      48      36      12      24
