t1 =
     -11     -23     -35     -47     -59     -71     -83     -95    -107
    -119    -131    -143    -155    -167    -179    -191
     -10     -22     -34     -46     -58     -70     -82     -94    -106
    -118    -130    -142    -154    -166    -178    -190
      -9     -21     -33     -45     -57     -69     -81     -93    -105
    -117    -129    -141    -153    -165    -177    -189
      -8     -20     -32     -44     -56     -68     -80     -92    -104
    -116    -128    -140    -152    -164    -176    -188
      -7     -19     -31     -43     -55     -67     -79     -91    -103
    -115    -127    -139    -151    -163    -175    -187
      -6     -18     -30     -42     -54     -66     -78     -90    -102
    -114    -126    -138    -150    -162    -174    -186
      -5     -17     -29     -41     -53     -65     -77     -89    -101
    -113    -125    -137    -149    -161    -173    -185
      -4     -16     -28     -40     -52     -64     -76     -88    -100
    -112    -124    -136    -148    -160    -172    -184
      -3     -15     -27     -39     -51     -63     -75     -87     -99
    -111    -123    -135    -147    -159    -171    -183
      -2     -14     -26     -38     -50     -62     -74     -86     -98
    -110    -122    -134    -146    -158    -170    -182
      -1     -13     -25     -37     -49     -61     -73     -85     -97
    -109    -121    -133    -145    -157    -169    -181
       0     -12     -24     -36     -48     -60     -72     -84     -96
    -108    -120    -132    -144    -156    -168    -180
       1      13      25      37      49      61      73      85      97
     109     121     133     145     157     169     181
       2      14      26      38      50      62      74      86      98
     110     122     134     146     158     170     182
       3      15      27      39      51      63      75      87      99
     111     123     135     147     159     171     183
       4      16      28      40      52      64      76      88     100
     112     124     136     148     160     172     184
       5      17      29      41      53      65      77      89     101
     113     125     137     149     161     173     185
       6      18      30      42      54      66      78      90     102
     114     126     138     150     162     174     186
       7      19      31      43      55      67      79      91     103
     115     127     139     151     163     175     187
       8      20      32      44      56      68      80      92     104
     116     128     140     152     164     176     188
       9      21      33      45      57      69      81      93     105
     117     129     141     153     165     177     189
      10      22      34      46      58      70      82      94     106
     118     130     142     154     166     178     190
      11      23      35      47      59      71      83      95     107
     119     131     143     155     167     179     191
      12      24      36      48      60      72      84      96     108
     120     132     144     156     168     180     192
