t1 =
     -63     -55     -47     -39     -31     -23      -7     -15
     -62     -54     -46     -38     -30     -22      -6     -14
     -61     -53     -45     -37     -29     -21      -5     -13
     -60     -52     -44     -36     -28     -20      -4     -12
     -59     -51     -43     -35     -27     -19      -3     -11
     -58     -50     -42     -34     -26     -18      -2     -10
     -57     -49     -41     -33     -25     -17      -1      -9
     -56     -48     -40     -32     -24     -16       0      -8
      57      49      41      33      25      17       1       9
      58      50      42      34      26      18       2      10
      59      51      43      35      27      19       3      11
      60      52      44      36      28      20       4      12
      61      53      45      37      29      21       5      13
      62      54      46      38      30      22       6      14
      63      55      47      39      31      23       7      15
      64      56      48      40      32      24       8      16
