t1 =
    -255    -191     -63    -127
    -254    -190     -62    -126
    -253    -189     -61    -125
    -252    -188     -60    -124
    -251    -187     -59    -123
    -250    -186     -58    -122
    -249    -185     -57    -121
    -248    -184     -56    -120
    -247    -183     -55    -119
    -246    -182     -54    -118
    -245    -181     -53    -117
    -244    -180     -52    -116
    -243    -179     -51    -115
    -242    -178     -50    -114
    -241    -177     -49    -113
    -240    -176     -48    -112
    -239    -175     -47    -111
    -238    -174     -46    -110
    -237    -173     -45    -109
    -236    -172     -44    -108
    -235    -171     -43    -107
    -234    -170     -42    -106
    -233    -169     -41    -105
    -232    -168     -40    -104
    -231    -167     -39    -103
    -230    -166     -38    -102
    -229    -165     -37    -101
    -228    -164     -36    -100
    -227    -163     -35     -99
    -226    -162     -34     -98
    -225    -161     -33     -97
    -224    -160     -32     -96
    -223    -159     -31     -95
    -222    -158     -30     -94
    -221    -157     -29     -93
    -220    -156     -28     -92
    -219    -155     -27     -91
    -218    -154     -26     -90
    -217    -153     -25     -89
    -216    -152     -24     -88
    -215    -151     -23     -87
    -214    -150     -22     -86
    -213    -149     -21     -85
    -212    -148     -20     -84
    -211    -147     -19     -83
    -210    -146     -18     -82
    -209    -145     -17     -81
    -208    -144     -16     -80
    -207    -143     -15     -79
    -206    -142     -14     -78
    -205    -141     -13     -77
    -204    -140     -12     -76
    -203    -139     -11     -75
    -202    -138     -10     -74
    -201    -137      -9     -73
    -200    -136      -8     -72
    -199    -135      -7     -71
    -198    -134      -6     -70
    -197    -133      -5     -69
    -196    -132      -4     -68
    -195    -131      -3     -67
    -194    -130      -2     -66
    -193    -129      -1     -65
    -192    -128       0     -64
     193     129       1      65
     194     130       2      66
     195     131       3      67
     196     132       4      68
     197     133       5      69
     198     134       6      70
     199     135       7      71
     200     136       8      72
     201     137       9      73
     202     138      10      74
     203     139      11      75
     204     140      12      76
     205     141      13      77
     206     142      14      78
     207     143      15      79
     208     144      16      80
     209     145      17      81
     210     146      18      82
     211     147      19      83
     212     148      20      84
     213     149      21      85
     214     150      22      86
     215     151      23      87
     216     152      24      88
     217     153      25      89
     218     154      26      90
     219     155      27      91
     220     156      28      92
     221     157      29      93
     222     158      30      94
     223     159      31      95
     224     160      32      96
     225     161      33      97
     226     162      34      98
     227     163      35      99
     228     164      36     100
     229     165      37     101
     230     166      38     102
     231     167      39     103
     232     168      40     104
     233     169      41     105
     234     170      42     106
     235     171      43     107
     236     172      44     108
     237     173      45     109
     238     174      46     110
     239     175      47     111
     240     176      48     112
     241     177      49     113
     242     178      50     114
     243     179      51     115
     244     180      52     116
     245     181      53     117
     246     182      54     118
     247     183      55     119
     248     184      56     120
     249     185      57     121
     250     186      58     122
     251     187      59     123
     252     188      60     124
     253     189      61     125
     254     190      62     126
     255     191      63     127
     256     192      64     128
