t1 =
    -127    -119    -111    -103     -95     -87      -7     -15     -23
     -31     -39     -47     -55     -63     -71     -79
    -126    -118    -110    -102     -94     -86      -6     -14     -22
     -30     -38     -46     -54     -62     -70     -78
    -125    -117    -109    -101     -93     -85      -5     -13     -21
     -29     -37     -45     -53     -61     -69     -77
    -124    -116    -108    -100     -92     -84      -4     -12     -20
     -28     -36     -44     -52     -60     -68     -76
    -123    -115    -107     -99     -91     -83      -3     -11     -19
     -27     -35     -43     -51     -59     -67     -75
    -122    -114    -106     -98     -90     -82      -2     -10     -18
     -26     -34     -42     -50     -58     -66     -74
    -121    -113    -105     -97     -89     -81      -1      -9     -17
     -25     -33     -41     -49     -57     -65     -73
    -120    -112    -104     -96     -88     -80       0      -8     -16
     -24     -32     -40     -48     -56     -64     -72
     121     113     105      97      89      81       1       9      17
      25      33      41      49      57      65      73
     122     114     106      98      90      82       2      10      18
      26      34      42      50      58      66      74
     123     115     107      99      91      83       3      11      19
      27      35      43      51      59      67      75
     124     116     108     100      92      84       4      12      20
      28      36      44      52      60      68      76
     125     117     109     101      93      85       5      13      21
      29      37      45      53      61      69      77
     126     118     110     102      94      86       6      14      22
      30      38      46      54      62      70      78
     127     119     111     103      95      87       7      15      23
      31      39      47      55      63      71      79
     128     120     112     104      96      88       8      16      24
      32      40      48      56      64      72      80
