t1 =
     -79     -74      -4      -9     -14     -19     -24     -29     -34
     -39     -44     -49     -54     -59     -64     -69
     -78     -73      -3      -8     -13     -18     -23     -28     -33
     -38     -43     -48     -53     -58     -63     -68
     -77     -72      -2      -7     -12     -17     -22     -27     -32
     -37     -42     -47     -52     -57     -62     -67
     -76     -71      -1      -6     -11     -16     -21     -26     -31
     -36     -41     -46     -51     -56     -61     -66
     -75     -70       0      -5     -10     -15     -20     -25     -30
     -35     -40     -45     -50     -55     -60     -65
      76      71       1       6      11      16      21      26      31
      36      41      46      51      56      61      66
      77      72       2       7      12      17      22      27      32
      37      42      47      52      57      62      67
      78      73       3       8      13      18      23      28      33
      38      43      48      53      58      63      68
      79      74       4       9      14      19      24      29      34
      39      44      49      54      59      64      69
      80      75       5      10      15      20      25      30      35
      40      45      50      55      60      65      70
