t1 =
    -191     -95
    -190     -94
    -189     -93
    -188     -92
    -187     -91
    -186     -90
    -185     -89
    -184     -88
    -183     -87
    -182     -86
    -181     -85
    -180     -84
    -179     -83
    -178     -82
    -177     -81
    -176     -80
    -175     -79
    -174     -78
    -173     -77
    -172     -76
    -171     -75
    -170     -74
    -169     -73
    -168     -72
    -167     -71
    -166     -70
    -165     -69
    -164     -68
    -163     -67
    -162     -66
    -161     -65
    -160     -64
    -159     -63
    -158     -62
    -157     -61
    -156     -60
    -155     -59
    -154     -58
    -153     -57
    -152     -56
    -151     -55
    -150     -54
    -149     -53
    -148     -52
    -147     -51
    -146     -50
    -145     -49
    -144     -48
    -143     -47
    -142     -46
    -141     -45
    -140     -44
    -139     -43
    -138     -42
    -137     -41
    -136     -40
    -135     -39
    -134     -38
    -133     -37
    -132     -36
    -131     -35
    -130     -34
    -129     -33
    -128     -32
    -127     -31
    -126     -30
    -125     -29
    -124     -28
    -123     -27
    -122     -26
    -121     -25
    -120     -24
    -119     -23
    -118     -22
    -117     -21
    -116     -20
    -115     -19
    -114     -18
    -113     -17
    -112     -16
    -111     -15
    -110     -14
    -109     -13
    -108     -12
    -107     -11
    -106     -10
    -105      -9
    -104      -8
    -103      -7
    -102      -6
    -101      -5
    -100      -4
     -99      -3
     -98      -2
     -97      -1
     -96       0
      97       1
      98       2
      99       3
     100       4
     101       5
     102       6
     103       7
     104       8
     105       9
     106      10
     107      11
     108      12
     109      13
     110      14
     111      15
     112      16
     113      17
     114      18
     115      19
     116      20
     117      21
     118      22
     119      23
     120      24
     121      25
     122      26
     123      27
     124      28
     125      29
     126      30
     127      31
     128      32
     129      33
     130      34
     131      35
     132      36
     133      37
     134      38
     135      39
     136      40
     137      41
     138      42
     139      43
     140      44
     141      45
     142      46
     143      47
     144      48
     145      49
     146      50
     147      51
     148      52
     149      53
     150      54
     151      55
     152      56
     153      57
     154      58
     155      59
     156      60
     157      61
     158      62
     159      63
     160      64
     161      65
     162      66
     163      67
     164      68
     165      69
     166      70
     167      71
     168      72
     169      73
     170      74
     171      75
     172      76
     173      77
     174      78
     175      79
     176      80
     177      81
     178      82
     179      83
     180      84
     181      85
     182      86
     183      87
     184      88
     185      89
     186      90
     187      91
     188      92
     189      93
     190      94
     191      95
     192      96
