t1 =
     -63     -59     -55     -51     -47     -43     -39     -35     -31
     -27     -23     -19     -15     -11      -3      -7
     -62     -58     -54     -50     -46     -42     -38     -34     -30
     -26     -22     -18     -14     -10      -2      -6
     -61     -57     -53     -49     -45     -41     -37     -33     -29
     -25     -21     -17     -13      -9      -1      -5
     -60     -56     -52     -48     -44     -40     -36     -32     -28
     -24     -20     -16     -12      -8       0      -4
      61      57      53      49      45      41      37      33      29
      25      21      17      13       9       1       5
      62      58      54      50      46      42      38      34      30
      26      22      18      14      10       2       6
      63      59      55      51      47      43      39      35      31
      27      23      19      15      11       3       7
      64      60      56      52      48      44      40      36      32
      28      24      20      16      12       4       8
