t1 =
     -95     -89     -83     -77     -71      -5     -11     -17     -23
     -29     -35     -41     -47     -53     -59     -65
     -94     -88     -82     -76     -70      -4     -10     -16     -22
     -28     -34     -40     -46     -52     -58     -64
     -93     -87     -81     -75     -69      -3      -9     -15     -21
     -27     -33     -39     -45     -51     -57     -63
     -92     -86     -80     -74     -68      -2      -8     -14     -20
     -26     -32     -38     -44     -50     -56     -62
     -91     -85     -79     -73     -67      -1      -7     -13     -19
     -25     -31     -37     -43     -49     -55     -61
     -90     -84     -78     -72     -66       0      -6     -12     -18
     -24     -30     -36     -42     -48     -54     -60
      91      85      79      73      67       1       7      13      19
      25      31      37      43      49      55      61
      92      86      80      74      68       2       8      14      20
      26      32      38      44      50      56      62
      93      87      81      75      69       3       9      15      21
      27      33      39      45      51      57      63
      94      88      82      76      70       4      10      16      22
      28      34      40      46      52      58      64
      95      89      83      77      71       5      11      17      23
      29      35      41      47      53      59      65
      96      90      84      78      72       6      12      18      24
      30      36      42      48      54      60      66
