t1 = 
   -31   -63   -95  -127  -159  -191
   -30   -62   -94  -126  -158  -190
   -29   -61   -93  -125  -157  -189
   -28   -60   -92  -124  -156  -188
   -27   -59   -91  -123  -155  -187
   -26   -58   -90  -122  -154  -186
   -25   -57   -89  -121  -153  -185
   -24   -56   -88  -120  -152  -184
   -23   -55   -87  -119  -151  -183
   -22   -54   -86  -118  -150  -182
   -21   -53   -85  -117  -149  -181
   -20   -52   -84  -116  -148  -180
   -19   -51   -83  -115  -147  -179
   -18   -50   -82  -114  -146  -178
   -17   -49   -81  -113  -145  -177
   -16   -48   -80  -112  -144  -176
   -15   -47   -79  -111  -143  -175
   -14   -46   -78  -110  -142  -174
   -13   -45   -77  -109  -141  -173
   -12   -44   -76  -108  -140  -172
   -11   -43   -75  -107  -139  -171
   -10   -42   -74  -106  -138  -170
    -9   -41   -73  -105  -137  -169
    -8   -40   -72  -104  -136  -168
    -7   -39   -71  -103  -135  -167
    -6   -38   -70  -102  -134  -166
    -5   -37   -69  -101  -133  -165
    -4   -36   -68  -100  -132  -164
    -3   -35   -67   -99  -131  -163
    -2   -34   -66   -98  -130  -162
    -1   -33   -65   -97  -129  -161
     0   -32   -64   -96  -128  -160
     1    33    65    97   129   161
     2    34    66    98   130   162
     3    35    67    99   131   163
     4    36    68   100   132   164
     5    37    69   101   133   165
     6    38    70   102   134   166
     7    39    71   103   135   167
     8    40    72   104   136   168
     9    41    73   105   137   169
    10    42    74   106   138   170
    11    43    75   107   139   171
    12    44    76   108   140   172
    13    45    77   109   141   173
    14    46    78   110   142   174
    15    47    79   111   143   175
    16    48    80   112   144   176
    17    49    81   113   145   177
    18    50    82   114   146   178
    19    51    83   115   147   179
    20    52    84   116   148   180
    21    53    85   117   149   181
    22    54    86   118   150   182
    23    55    87   119   151   183
    24    56    88   120   152   184
    25    57    89   121   153   185
    26    58    90   122   154   186
    27    59    91   123   155   187
    28    60    92   124   156   188
    29    61    93   125   157   189
    30    62    94   126   158   190
    31    63    95   127   159   191
    32    64    96   128   160   192
