t1 =
     -79     -74     -69     -64     -59     -54     -49     -44     -39
     -34     -29     -24     -19      -4      -9     -14
     -78     -73     -68     -63     -58     -53     -48     -43     -38
     -33     -28     -23     -18      -3      -8     -13
     -77     -72     -67     -62     -57     -52     -47     -42     -37
     -32     -27     -22     -17      -2      -7     -12
     -76     -71     -66     -61     -56     -51     -46     -41     -36
     -31     -26     -21     -16      -1      -6     -11
     -75     -70     -65     -60     -55     -50     -45     -40     -35
     -30     -25     -20     -15       0      -5     -10
      76      71      66      61      56      51      46      41      36
      31      26      21      16       1       6      11
      77      72      67      62      57      52      47      42      37
      32      27      22      17       2       7      12
      78      73      68      63      58      53      48      43      38
      33      28      23      18       3       8      13
      79      74      69      64      59      54      49      44      39
      34      29      24      19       4       9      14
      80      75      70      65      60      55      50      45      40
      35      30      25      20       5      10      15
