t1 =
    -127    -119    -111    -103      -7     -15     -23     -31     -39
     -47     -55     -63     -71     -79     -87     -95
    -126    -118    -110    -102      -6     -14     -22     -30     -38
     -46     -54     -62     -70     -78     -86     -94
    -125    -117    -109    -101      -5     -13     -21     -29     -37
     -45     -53     -61     -69     -77     -85     -93
    -124    -116    -108    -100      -4     -12     -20     -28     -36
     -44     -52     -60     -68     -76     -84     -92
    -123    -115    -107     -99      -3     -11     -19     -27     -35
     -43     -51     -59     -67     -75     -83     -91
    -122    -114    -106     -98      -2     -10     -18     -26     -34
     -42     -50     -58     -66     -74     -82     -90
    -121    -113    -105     -97      -1      -9     -17     -25     -33
     -41     -49     -57     -65     -73     -81     -89
    -120    -112    -104     -96       0      -8     -16     -24     -32
     -40     -48     -56     -64     -72     -80     -88
     121     113     105      97       1       9      17      25      33
      41      49      57      65      73      81      89
     122     114     106      98       2      10      18      26      34
      42      50      58      66      74      82      90
     123     115     107      99       3      11      19      27      35
      43      51      59      67      75      83      91
     124     116     108     100       4      12      20      28      36
      44      52      60      68      76      84      92
     125     117     109     101       5      13      21      29      37
      45      53      61      69      77      85      93
     126     118     110     102       6      14      22      30      38
      46      54      62      70      78      86      94
     127     119     111     103       7      15      23      31      39
      47      55      63      71      79      87      95
     128     120     112     104       8      16      24      32      40
      48      56      64      72      80      88      96
