t1 =
     -79     -69     -59     -49     -39     -29      -9     -19
     -78     -68     -58     -48     -38     -28      -8     -18
     -77     -67     -57     -47     -37     -27      -7     -17
     -76     -66     -56     -46     -36     -26      -6     -16
     -75     -65     -55     -45     -35     -25      -5     -15
     -74     -64     -54     -44     -34     -24      -4     -14
     -73     -63     -53     -43     -33     -23      -3     -13
     -72     -62     -52     -42     -32     -22      -2     -12
     -71     -61     -51     -41     -31     -21      -1     -11
     -70     -60     -50     -40     -30     -20       0     -10
      71      61      51      41      31      21       1      11
      72      62      52      42      32      22       2      12
      73      63      53      43      33      23       3      13
      74      64      54      44      34      24       4      14
      75      65      55      45      35      25       5      15
      76      66      56      46      36      26       6      16
      77      67      57      47      37      27       7      17
      78      68      58      48      38      28       8      18
      79      69      59      49      39      29       9      19
      80      70      60      50      40      30      10      20
