t1 =
    -191    -179    -167    -155    -143    -131    -119     -11     -23
     -35     -47     -59     -71     -83     -95    -107
    -190    -178    -166    -154    -142    -130    -118     -10     -22
     -34     -46     -58     -70     -82     -94    -106
    -189    -177    -165    -153    -141    -129    -117      -9     -21
     -33     -45     -57     -69     -81     -93    -105
    -188    -176    -164    -152    -140    -128    -116      -8     -20
     -32     -44     -56     -68     -80     -92    -104
    -187    -175    -163    -151    -139    -127    -115      -7     -19
     -31     -43     -55     -67     -79     -91    -103
    -186    -174    -162    -150    -138    -126    -114      -6     -18
     -30     -42     -54     -66     -78     -90    -102
    -185    -173    -161    -149    -137    -125    -113      -5     -17
     -29     -41     -53     -65     -77     -89    -101
    -184    -172    -160    -148    -136    -124    -112      -4     -16
     -28     -40     -52     -64     -76     -88    -100
    -183    -171    -159    -147    -135    -123    -111      -3     -15
     -27     -39     -51     -63     -75     -87     -99
    -182    -170    -158    -146    -134    -122    -110      -2     -14
     -26     -38     -50     -62     -74     -86     -98
    -181    -169    -157    -145    -133    -121    -109      -1     -13
     -25     -37     -49     -61     -73     -85     -97
    -180    -168    -156    -144    -132    -120    -108       0     -12
     -24     -36     -48     -60     -72     -84     -96
     181     169     157     145     133     121     109       1      13
      25      37      49      61      73      85      97
     182     170     158     146     134     122     110       2      14
      26      38      50      62      74      86      98
     183     171     159     147     135     123     111       3      15
      27      39      51      63      75      87      99
     184     172     160     148     136     124     112       4      16
      28      40      52      64      76      88     100
     185     173     161     149     137     125     113       5      17
      29      41      53      65      77      89     101
     186     174     162     150     138     126     114       6      18
      30      42      54      66      78      90     102
     187     175     163     151     139     127     115       7      19
      31      43      55      67      79      91     103
     188     176     164     152     140     128     116       8      20
      32      44      56      68      80      92     104
     189     177     165     153     141     129     117       9      21
      33      45      57      69      81      93     105
     190     178     166     154     142     130     118      10      22
      34      46      58      70      82      94     106
     191     179     167     155     143     131     119      11      23
      35      47      59      71      83      95     107
     192     180     168     156     144     132     120      12      24
      36      48      60      72      84      96     108
