t1 =
     -63     -55     -47     -39      -7     -15     -23     -31
     -62     -54     -46     -38      -6     -14     -22     -30
     -61     -53     -45     -37      -5     -13     -21     -29
     -60     -52     -44     -36      -4     -12     -20     -28
     -59     -51     -43     -35      -3     -11     -19     -27
     -58     -50     -42     -34      -2     -10     -18     -26
     -57     -49     -41     -33      -1      -9     -17     -25
     -56     -48     -40     -32       0      -8     -16     -24
      57      49      41      33       1       9      17      25
      58      50      42      34       2      10      18      26
      59      51      43      35       3      11      19      27
      60      52      44      36       4      12      20      28
      61      53      45      37       5      13      21      29
      62      54      46      38       6      14      22      30
      63      55      47      39       7      15      23      31
      64      56      48      40       8      16      24      32
