t1 = 
     0     0     0     0
  -191  -143   -95  -143
  -190  -142   -94  -142
  -189  -141   -93  -141
  -188  -140   -92  -140
  -187  -139   -91  -139
  -186  -138   -90  -138
  -185  -137   -89  -137
  -184  -136   -88  -136
  -183  -135   -87  -135
  -182  -134   -86  -134
  -181  -133   -85  -133
  -180  -132   -84  -132
  -179  -131   -83  -131
  -178  -130   -82  -130
  -177  -129   -81  -129
  -176  -128   -80  -128
  -175  -127   -79  -127
  -174  -126   -78  -126
  -173  -125   -77  -125
  -172  -124   -76  -124
  -171  -123   -75  -123
  -170  -122   -74  -122
  -169  -121   -73  -121
  -168  -120   -72  -120
  -167  -119   -71  -119
  -166  -118   -70  -118
  -165  -117   -69  -117
  -164  -116   -68  -116
  -163  -115   -67  -115
  -162  -114   -66  -114
  -161  -113   -65  -113
  -160  -112   -64  -112
  -159  -111   -63  -111
  -158  -110   -62  -110
  -157  -109   -61  -109
  -156  -108   -60  -108
  -155  -107   -59  -107
  -154  -106   -58  -106
  -153  -105   -57  -105
  -152  -104   -56  -104
  -151  -103   -55  -103
  -150  -102   -54  -102
  -149  -101   -53  -101
  -148  -100   -52  -100
  -147   -99   -51   -99
  -146   -98   -50   -98
  -145   -97   -49   -97
  -144   -96   -48   -96
   145    97    49    97
   146    98    50    98
   147    99    51    99
   148   100    52   100
   149   101    53   101
   150   102    54   102
   151   103    55   103
   152   104    56   104
   153   105    57   105
   154   106    58   106
   155   107    59   107
   156   108    60   108
   157   109    61   109
   158   110    62   110
   159   111    63   111
   160   112    64   112
   161   113    65   113
   162   114    66   114
   163   115    67   115
   164   116    68   116
   165   117    69   117
   166   118    70   118
   167   119    71   119
   168   120    72   120
   169   121    73   121
   170   122    74   122
   171   123    75   123
   172   124    76   124
   173   125    77   125
   174   126    78   126
   175   127    79   127
   176   128    80   128
   177   129    81   129
   178   130    82   130
   179   131    83   131
   180   132    84   132
   181   133    85   133
   182   134    86   134
   183   135    87   135
   184   136    88   136
   185   137    89   137
   186   138    90   138
   187   139    91   139
   188   140    92   140
   189   141    93   141
   190   142    94   142
   191   143    95   143
   192   144    96   144
