t1 =
    -255    -127
    -254    -126
    -253    -125
    -252    -124
    -251    -123
    -250    -122
    -249    -121
    -248    -120
    -247    -119
    -246    -118
    -245    -117
    -244    -116
    -243    -115
    -242    -114
    -241    -113
    -240    -112
    -239    -111
    -238    -110
    -237    -109
    -236    -108
    -235    -107
    -234    -106
    -233    -105
    -232    -104
    -231    -103
    -230    -102
    -229    -101
    -228    -100
    -227     -99
    -226     -98
    -225     -97
    -224     -96
    -223     -95
    -222     -94
    -221     -93
    -220     -92
    -219     -91
    -218     -90
    -217     -89
    -216     -88
    -215     -87
    -214     -86
    -213     -85
    -212     -84
    -211     -83
    -210     -82
    -209     -81
    -208     -80
    -207     -79
    -206     -78
    -205     -77
    -204     -76
    -203     -75
    -202     -74
    -201     -73
    -200     -72
    -199     -71
    -198     -70
    -197     -69
    -196     -68
    -195     -67
    -194     -66
    -193     -65
    -192     -64
    -191     -63
    -190     -62
    -189     -61
    -188     -60
    -187     -59
    -186     -58
    -185     -57
    -184     -56
    -183     -55
    -182     -54
    -181     -53
    -180     -52
    -179     -51
    -178     -50
    -177     -49
    -176     -48
    -175     -47
    -174     -46
    -173     -45
    -172     -44
    -171     -43
    -170     -42
    -169     -41
    -168     -40
    -167     -39
    -166     -38
    -165     -37
    -164     -36
    -163     -35
    -162     -34
    -161     -33
    -160     -32
    -159     -31
    -158     -30
    -157     -29
    -156     -28
    -155     -27
    -154     -26
    -153     -25
    -152     -24
    -151     -23
    -150     -22
    -149     -21
    -148     -20
    -147     -19
    -146     -18
    -145     -17
    -144     -16
    -143     -15
    -142     -14
    -141     -13
    -140     -12
    -139     -11
    -138     -10
    -137      -9
    -136      -8
    -135      -7
    -134      -6
    -133      -5
    -132      -4
    -131      -3
    -130      -2
    -129      -1
    -128       0
     129       1
     130       2
     131       3
     132       4
     133       5
     134       6
     135       7
     136       8
     137       9
     138      10
     139      11
     140      12
     141      13
     142      14
     143      15
     144      16
     145      17
     146      18
     147      19
     148      20
     149      21
     150      22
     151      23
     152      24
     153      25
     154      26
     155      27
     156      28
     157      29
     158      30
     159      31
     160      32
     161      33
     162      34
     163      35
     164      36
     165      37
     166      38
     167      39
     168      40
     169      41
     170      42
     171      43
     172      44
     173      45
     174      46
     175      47
     176      48
     177      49
     178      50
     179      51
     180      52
     181      53
     182      54
     183      55
     184      56
     185      57
     186      58
     187      59
     188      60
     189      61
     190      62
     191      63
     192      64
     193      65
     194      66
     195      67
     196      68
     197      69
     198      70
     199      71
     200      72
     201      73
     202      74
     203      75
     204      76
     205      77
     206      78
     207      79
     208      80
     209      81
     210      82
     211      83
     212      84
     213      85
     214      86
     215      87
     216      88
     217      89
     218      90
     219      91
     220      92
     221      93
     222      94
     223      95
     224      96
     225      97
     226      98
     227      99
     228     100
     229     101
     230     102
     231     103
     232     104
     233     105
     234     106
     235     107
     236     108
     237     109
     238     110
     239     111
     240     112
     241     113
     242     114
     243     115
     244     116
     245     117
     246     118
     247     119
     248     120
     249     121
     250     122
     251     123
     252     124
     253     125
     254     126
     255     127
     256     128
