t1 =
     -79     -69     -59     -49      -9     -19     -29     -39
     -78     -68     -58     -48      -8     -18     -28     -38
     -77     -67     -57     -47      -7     -17     -27     -37
     -76     -66     -56     -46      -6     -16     -26     -36
     -75     -65     -55     -45      -5     -15     -25     -35
     -74     -64     -54     -44      -4     -14     -24     -34
     -73     -63     -53     -43      -3     -13     -23     -33
     -72     -62     -52     -42      -2     -12     -22     -32
     -71     -61     -51     -41      -1     -11     -21     -31
     -70     -60     -50     -40       0     -10     -20     -30
      71      61      51      41       1      11      21      31
      72      62      52      42       2      12      22      32
      73      63      53      43       3      13      23      33
      74      64      54      44       4      14      24      34
      75      65      55      45       5      15      25      35
      76      66      56      46       6      16      26      36
      77      67      57      47       7      17      27      37
      78      68      58      48       8      18      28      38
      79      69      59      49       9      19      29      39
      80      70      60      50      10      20      30      40
