t1 =
     -23     -47     -71     -95
     -22     -46     -70     -94
     -21     -45     -69     -93
     -20     -44     -68     -92
     -19     -43     -67     -91
     -18     -42     -66     -90
     -17     -41     -65     -89
     -16     -40     -64     -88
     -15     -39     -63     -87
     -14     -38     -62     -86
     -13     -37     -61     -85
     -12     -36     -60     -84
     -11     -35     -59     -83
     -10     -34     -58     -82
      -9     -33     -57     -81
      -8     -32     -56     -80
      -7     -31     -55     -79
      -6     -30     -54     -78
      -5     -29     -53     -77
      -4     -28     -52     -76
      -3     -27     -51     -75
      -2     -26     -50     -74
      -1     -25     -49     -73
       0     -24     -48     -72
       1      25      49      73
       2      26      50      74
       3      27      51      75
       4      28      52      76
       5      29      53      77
       6      30      54      78
       7      31      55      79
       8      32      56      80
       9      33      57      81
      10      34      58      82
      11      35      59      83
      12      36      60      84
      13      37      61      85
      14      38      62      86
      15      39      63      87
      16      40      64      88
      17      41      65      89
      18      42      66      90
      19      43      67      91
      20      44      68      92
      21      45      69      93
      22      46      70      94
      23      47      71      95
      24      48      72      96
