t1 =
     -63     -59     -55     -51     -47     -43     -39     -35      -3
      -7     -11     -15     -19     -23     -27     -31
     -62     -58     -54     -50     -46     -42     -38     -34      -2
      -6     -10     -14     -18     -22     -26     -30
     -61     -57     -53     -49     -45     -41     -37     -33      -1
      -5      -9     -13     -17     -21     -25     -29
     -60     -56     -52     -48     -44     -40     -36     -32       0
      -4      -8     -12     -16     -20     -24     -28
      61      57      53      49      45      41      37      33       1
       5       9      13      17      21      25      29
      62      58      54      50      46      42      38      34       2
       6      10      14      18      22      26      30
      63      59      55      51      47      43      39      35       3
       7      11      15      19      23      27      31
      64      60      56      52      48      44      40      36       4
       8      12      16      20      24      28      32
