t1 =
     -39     -79
     -38     -78
     -37     -77
     -36     -76
     -35     -75
     -34     -74
     -33     -73
     -32     -72
     -31     -71
     -30     -70
     -29     -69
     -28     -68
     -27     -67
     -26     -66
     -25     -65
     -24     -64
     -23     -63
     -22     -62
     -21     -61
     -20     -60
     -19     -59
     -18     -58
     -17     -57
     -16     -56
     -15     -55
     -14     -54
     -13     -53
     -12     -52
     -11     -51
     -10     -50
      -9     -49
      -8     -48
      -7     -47
      -6     -46
      -5     -45
      -4     -44
      -3     -43
      -2     -42
      -1     -41
       0     -40
       1      41
       2      42
       3      43
       4      44
       5      45
       6      46
       7      47
       8      48
       9      49
      10      50
      11      51
      12      52
      13      53
      14      54
      15      55
      16      56
      17      57
      18      58
      19      59
      20      60
      21      61
      22      62
      23      63
      24      64
      25      65
      26      66
      27      67
      28      68
      29      69
      30      70
      31      71
      32      72
      33      73
      34      74
      35      75
      36      76
      37      77
      38      78
      39      79
      40      80
