t1 =
     -63     -59     -55     -51     -47     -43     -39     -35     -31
     -27     -23      -3      -7     -11     -15     -19
     -62     -58     -54     -50     -46     -42     -38     -34     -30
     -26     -22      -2      -6     -10     -14     -18
     -61     -57     -53     -49     -45     -41     -37     -33     -29
     -25     -21      -1      -5      -9     -13     -17
     -60     -56     -52     -48     -44     -40     -36     -32     -28
     -24     -20       0      -4      -8     -12     -16
      61      57      53      49      45      41      37      33      29
      25      21       1       5       9      13      17
      62      58      54      50      46      42      38      34      30
      26      22       2       6      10      14      18
      63      59      55      51      47      43      39      35      31
      27      23       3       7      11      15      19
      64      60      56      52      48      44      40      36      32
      28      24       4       8      12      16      20
