t1 =
     -79     -69      -9     -19     -29     -39     -49     -59
     -78     -68      -8     -18     -28     -38     -48     -58
     -77     -67      -7     -17     -27     -37     -47     -57
     -76     -66      -6     -16     -26     -36     -46     -56
     -75     -65      -5     -15     -25     -35     -45     -55
     -74     -64      -4     -14     -24     -34     -44     -54
     -73     -63      -3     -13     -23     -33     -43     -53
     -72     -62      -2     -12     -22     -32     -42     -52
     -71     -61      -1     -11     -21     -31     -41     -51
     -70     -60       0     -10     -20     -30     -40     -50
      71      61       1      11      21      31      41      51
      72      62       2      12      22      32      42      52
      73      63       3      13      23      33      43      53
      74      64       4      14      24      34      44      54
      75      65       5      15      25      35      45      55
      76      66       6      16      26      36      46      56
      77      67       7      17      27      37      47      57
      78      68       8      18      28      38      48      58
      79      69       9      19      29      39      49      59
      80      70      10      20      30      40      50      60
