t1 =
    -191    -179     -11     -23     -35     -47     -59     -71     -83
     -95    -107    -119    -131    -143    -155    -167
    -190    -178     -10     -22     -34     -46     -58     -70     -82
     -94    -106    -118    -130    -142    -154    -166
    -189    -177      -9     -21     -33     -45     -57     -69     -81
     -93    -105    -117    -129    -141    -153    -165
    -188    -176      -8     -20     -32     -44     -56     -68     -80
     -92    -104    -116    -128    -140    -152    -164
    -187    -175      -7     -19     -31     -43     -55     -67     -79
     -91    -103    -115    -127    -139    -151    -163
    -186    -174      -6     -18     -30     -42     -54     -66     -78
     -90    -102    -114    -126    -138    -150    -162
    -185    -173      -5     -17     -29     -41     -53     -65     -77
     -89    -101    -113    -125    -137    -149    -161
    -184    -172      -4     -16     -28     -40     -52     -64     -76
     -88    -100    -112    -124    -136    -148    -160
    -183    -171      -3     -15     -27     -39     -51     -63     -75
     -87     -99    -111    -123    -135    -147    -159
    -182    -170      -2     -14     -26     -38     -50     -62     -74
     -86     -98    -110    -122    -134    -146    -158
    -181    -169      -1     -13     -25     -37     -49     -61     -73
     -85     -97    -109    -121    -133    -145    -157
    -180    -168       0     -12     -24     -36     -48     -60     -72
     -84     -96    -108    -120    -132    -144    -156
     181     169       1      13      25      37      49      61      73
      85      97     109     121     133     145     157
     182     170       2      14      26      38      50      62      74
      86      98     110     122     134     146     158
     183     171       3      15      27      39      51      63      75
      87      99     111     123     135     147     159
     184     172       4      16      28      40      52      64      76
      88     100     112     124     136     148     160
     185     173       5      17      29      41      53      65      77
      89     101     113     125     137     149     161
     186     174       6      18      30      42      54      66      78
      90     102     114     126     138     150     162
     187     175       7      19      31      43      55      67      79
      91     103     115     127     139     151     163
     188     176       8      20      32      44      56      68      80
      92     104     116     128     140     152     164
     189     177       9      21      33      45      57      69      81
      93     105     117     129     141     153     165
     190     178      10      22      34      46      58      70      82
      94     106     118     130     142     154     166
     191     179      11      23      35      47      59      71      83
      95     107     119     131     143     155     167
     192     180      12      24      36      48      60      72      84
      96     108     120     132     144     156     168
