t1 =
     -95     -89     -83     -77     -71     -65     -59     -53     -47
     -41     -35     -29     -23      -5     -11     -17
     -94     -88     -82     -76     -70     -64     -58     -52     -46
     -40     -34     -28     -22      -4     -10     -16
     -93     -87     -81     -75     -69     -63     -57     -51     -45
     -39     -33     -27     -21      -3      -9     -15
     -92     -86     -80     -74     -68     -62     -56     -50     -44
     -38     -32     -26     -20      -2      -8     -14
     -91     -85     -79     -73     -67     -61     -55     -49     -43
     -37     -31     -25     -19      -1      -7     -13
     -90     -84     -78     -72     -66     -60     -54     -48     -42
     -36     -30     -24     -18       0      -6     -12
      91      85      79      73      67      61      55      49      43
      37      31      25      19       1       7      13
      92      86      80      74      68      62      56      50      44
      38      32      26      20       2       8      14
      93      87      81      75      69      63      57      51      45
      39      33      27      21       3       9      15
      94      88      82      76      70      64      58      52      46
      40      34      28      22       4      10      16
      95      89      83      77      71      65      59      53      47
      41      35      29      23       5      11      17
      96      90      84      78      72      66      60      54      48
      42      36      30      24       6      12      18
