t1 =
    -191    -167    -143    -119     -95     -23     -47     -71
    -190    -166    -142    -118     -94     -22     -46     -70
    -189    -165    -141    -117     -93     -21     -45     -69
    -188    -164    -140    -116     -92     -20     -44     -68
    -187    -163    -139    -115     -91     -19     -43     -67
    -186    -162    -138    -114     -90     -18     -42     -66
    -185    -161    -137    -113     -89     -17     -41     -65
    -184    -160    -136    -112     -88     -16     -40     -64
    -183    -159    -135    -111     -87     -15     -39     -63
    -182    -158    -134    -110     -86     -14     -38     -62
    -181    -157    -133    -109     -85     -13     -37     -61
    -180    -156    -132    -108     -84     -12     -36     -60
    -179    -155    -131    -107     -83     -11     -35     -59
    -178    -154    -130    -106     -82     -10     -34     -58
    -177    -153    -129    -105     -81      -9     -33     -57
    -176    -152    -128    -104     -80      -8     -32     -56
    -175    -151    -127    -103     -79      -7     -31     -55
    -174    -150    -126    -102     -78      -6     -30     -54
    -173    -149    -125    -101     -77      -5     -29     -53
    -172    -148    -124    -100     -76      -4     -28     -52
    -171    -147    -123     -99     -75      -3     -27     -51
    -170    -146    -122     -98     -74      -2     -26     -50
    -169    -145    -121     -97     -73      -1     -25     -49
    -168    -144    -120     -96     -72       0     -24     -48
     169     145     121      97      73       1      25      49
     170     146     122      98      74       2      26      50
     171     147     123      99      75       3      27      51
     172     148     124     100      76       4      28      52
     173     149     125     101      77       5      29      53
     174     150     126     102      78       6      30      54
     175     151     127     103      79       7      31      55
     176     152     128     104      80       8      32      56
     177     153     129     105      81       9      33      57
     178     154     130     106      82      10      34      58
     179     155     131     107      83      11      35      59
     180     156     132     108      84      12      36      60
     181     157     133     109      85      13      37      61
     182     158     134     110      86      14      38      62
     183     159     135     111      87      15      39      63
     184     160     136     112      88      16      40      64
     185     161     137     113      89      17      41      65
     186     162     138     114      90      18      42      66
     187     163     139     115      91      19      43      67
     188     164     140     116      92      20      44      68
     189     165     141     117      93      21      45      69
     190     166     142     118      94      22      46      70
     191     167     143     119      95      23      47      71
     192     168     144     120      96      24      48      72
