t1 =
    -255    -239    -223    -207    -191    -175    -159    -143    -127
     -15     -31     -47     -63     -79     -95    -111
    -254    -238    -222    -206    -190    -174    -158    -142    -126
     -14     -30     -46     -62     -78     -94    -110
    -253    -237    -221    -205    -189    -173    -157    -141    -125
     -13     -29     -45     -61     -77     -93    -109
    -252    -236    -220    -204    -188    -172    -156    -140    -124
     -12     -28     -44     -60     -76     -92    -108
    -251    -235    -219    -203    -187    -171    -155    -139    -123
     -11     -27     -43     -59     -75     -91    -107
    -250    -234    -218    -202    -186    -170    -154    -138    -122
     -10     -26     -42     -58     -74     -90    -106
    -249    -233    -217    -201    -185    -169    -153    -137    -121
      -9     -25     -41     -57     -73     -89    -105
    -248    -232    -216    -200    -184    -168    -152    -136    -120
      -8     -24     -40     -56     -72     -88    -104
    -247    -231    -215    -199    -183    -167    -151    -135    -119
      -7     -23     -39     -55     -71     -87    -103
    -246    -230    -214    -198    -182    -166    -150    -134    -118
      -6     -22     -38     -54     -70     -86    -102
    -245    -229    -213    -197    -181    -165    -149    -133    -117
      -5     -21     -37     -53     -69     -85    -101
    -244    -228    -212    -196    -180    -164    -148    -132    -116
      -4     -20     -36     -52     -68     -84    -100
    -243    -227    -211    -195    -179    -163    -147    -131    -115
      -3     -19     -35     -51     -67     -83     -99
    -242    -226    -210    -194    -178    -162    -146    -130    -114
      -2     -18     -34     -50     -66     -82     -98
    -241    -225    -209    -193    -177    -161    -145    -129    -113
      -1     -17     -33     -49     -65     -81     -97
    -240    -224    -208    -192    -176    -160    -144    -128    -112
       0     -16     -32     -48     -64     -80     -96
     241     225     209     193     177     161     145     129     113
       1      17      33      49      65      81      97
     242     226     210     194     178     162     146     130     114
       2      18      34      50      66      82      98
     243     227     211     195     179     163     147     131     115
       3      19      35      51      67      83      99
     244     228     212     196     180     164     148     132     116
       4      20      36      52      68      84     100
     245     229     213     197     181     165     149     133     117
       5      21      37      53      69      85     101
     246     230     214     198     182     166     150     134     118
       6      22      38      54      70      86     102
     247     231     215     199     183     167     151     135     119
       7      23      39      55      71      87     103
     248     232     216     200     184     168     152     136     120
       8      24      40      56      72      88     104
     249     233     217     201     185     169     153     137     121
       9      25      41      57      73      89     105
     250     234     218     202     186     170     154     138     122
      10      26      42      58      74      90     106
     251     235     219     203     187     171     155     139     123
      11      27      43      59      75      91     107
     252     236     220     204     188     172     156     140     124
      12      28      44      60      76      92     108
     253     237     221     205     189     173     157     141     125
      13      29      45      61      77      93     109
     254     238     222     206     190     174     158     142     126
      14      30      46      62      78      94     110
     255     239     223     207     191     175     159     143     127
      15      31      47      63      79      95     111
     256     240     224     208     192     176     160     144     128
      16      32      48      64      80      96     112
