t1 =
    -255    -223     -31     -63     -95    -127    -159    -191
    -254    -222     -30     -62     -94    -126    -158    -190
    -253    -221     -29     -61     -93    -125    -157    -189
    -252    -220     -28     -60     -92    -124    -156    -188
    -251    -219     -27     -59     -91    -123    -155    -187
    -250    -218     -26     -58     -90    -122    -154    -186
    -249    -217     -25     -57     -89    -121    -153    -185
    -248    -216     -24     -56     -88    -120    -152    -184
    -247    -215     -23     -55     -87    -119    -151    -183
    -246    -214     -22     -54     -86    -118    -150    -182
    -245    -213     -21     -53     -85    -117    -149    -181
    -244    -212     -20     -52     -84    -116    -148    -180
    -243    -211     -19     -51     -83    -115    -147    -179
    -242    -210     -18     -50     -82    -114    -146    -178
    -241    -209     -17     -49     -81    -113    -145    -177
    -240    -208     -16     -48     -80    -112    -144    -176
    -239    -207     -15     -47     -79    -111    -143    -175
    -238    -206     -14     -46     -78    -110    -142    -174
    -237    -205     -13     -45     -77    -109    -141    -173
    -236    -204     -12     -44     -76    -108    -140    -172
    -235    -203     -11     -43     -75    -107    -139    -171
    -234    -202     -10     -42     -74    -106    -138    -170
    -233    -201      -9     -41     -73    -105    -137    -169
    -232    -200      -8     -40     -72    -104    -136    -168
    -231    -199      -7     -39     -71    -103    -135    -167
    -230    -198      -6     -38     -70    -102    -134    -166
    -229    -197      -5     -37     -69    -101    -133    -165
    -228    -196      -4     -36     -68    -100    -132    -164
    -227    -195      -3     -35     -67     -99    -131    -163
    -226    -194      -2     -34     -66     -98    -130    -162
    -225    -193      -1     -33     -65     -97    -129    -161
    -224    -192       0     -32     -64     -96    -128    -160
     225     193       1      33      65      97     129     161
     226     194       2      34      66      98     130     162
     227     195       3      35      67      99     131     163
     228     196       4      36      68     100     132     164
     229     197       5      37      69     101     133     165
     230     198       6      38      70     102     134     166
     231     199       7      39      71     103     135     167
     232     200       8      40      72     104     136     168
     233     201       9      41      73     105     137     169
     234     202      10      42      74     106     138     170
     235     203      11      43      75     107     139     171
     236     204      12      44      76     108     140     172
     237     205      13      45      77     109     141     173
     238     206      14      46      78     110     142     174
     239     207      15      47      79     111     143     175
     240     208      16      48      80     112     144     176
     241     209      17      49      81     113     145     177
     242     210      18      50      82     114     146     178
     243     211      19      51      83     115     147     179
     244     212      20      52      84     116     148     180
     245     213      21      53      85     117     149     181
     246     214      22      54      86     118     150     182
     247     215      23      55      87     119     151     183
     248     216      24      56      88     120     152     184
     249     217      25      57      89     121     153     185
     250     218      26      58      90     122     154     186
     251     219      27      59      91     123     155     187
     252     220      28      60      92     124     156     188
     253     221      29      61      93     125     157     189
     254     222      30      62      94     126     158     190
     255     223      31      63      95     127     159     191
     256     224      32      64      96     128     160     192
