t1 =
    -255    -239    -223     -15     -31     -47     -63     -79     -95
    -111    -127    -143    -159    -175    -191    -207
    -254    -238    -222     -14     -30     -46     -62     -78     -94
    -110    -126    -142    -158    -174    -190    -206
    -253    -237    -221     -13     -29     -45     -61     -77     -93
    -109    -125    -141    -157    -173    -189    -205
    -252    -236    -220     -12     -28     -44     -60     -76     -92
    -108    -124    -140    -156    -172    -188    -204
    -251    -235    -219     -11     -27     -43     -59     -75     -91
    -107    -123    -139    -155    -171    -187    -203
    -250    -234    -218     -10     -26     -42     -58     -74     -90
    -106    -122    -138    -154    -170    -186    -202
    -249    -233    -217      -9     -25     -41     -57     -73     -89
    -105    -121    -137    -153    -169    -185    -201
    -248    -232    -216      -8     -24     -40     -56     -72     -88
    -104    -120    -136    -152    -168    -184    -200
    -247    -231    -215      -7     -23     -39     -55     -71     -87
    -103    -119    -135    -151    -167    -183    -199
    -246    -230    -214      -6     -22     -38     -54     -70     -86
    -102    -118    -134    -150    -166    -182    -198
    -245    -229    -213      -5     -21     -37     -53     -69     -85
    -101    -117    -133    -149    -165    -181    -197
    -244    -228    -212      -4     -20     -36     -52     -68     -84
    -100    -116    -132    -148    -164    -180    -196
    -243    -227    -211      -3     -19     -35     -51     -67     -83
     -99    -115    -131    -147    -163    -179    -195
    -242    -226    -210      -2     -18     -34     -50     -66     -82
     -98    -114    -130    -146    -162    -178    -194
    -241    -225    -209      -1     -17     -33     -49     -65     -81
     -97    -113    -129    -145    -161    -177    -193
    -240    -224    -208       0     -16     -32     -48     -64     -80
     -96    -112    -128    -144    -160    -176    -192
     241     225     209       1      17      33      49      65      81
      97     113     129     145     161     177     193
     242     226     210       2      18      34      50      66      82
      98     114     130     146     162     178     194
     243     227     211       3      19      35      51      67      83
      99     115     131     147     163     179     195
     244     228     212       4      20      36      52      68      84
     100     116     132     148     164     180     196
     245     229     213       5      21      37      53      69      85
     101     117     133     149     165     181     197
     246     230     214       6      22      38      54      70      86
     102     118     134     150     166     182     198
     247     231     215       7      23      39      55      71      87
     103     119     135     151     167     183     199
     248     232     216       8      24      40      56      72      88
     104     120     136     152     168     184     200
     249     233     217       9      25      41      57      73      89
     105     121     137     153     169     185     201
     250     234     218      10      26      42      58      74      90
     106     122     138     154     170     186     202
     251     235     219      11      27      43      59      75      91
     107     123     139     155     171     187     203
     252     236     220      12      28      44      60      76      92
     108     124     140     156     172     188     204
     253     237     221      13      29      45      61      77      93
     109     125     141     157     173     189     205
     254     238     222      14      30      46      62      78      94
     110     126     142     158     174     190     206
     255     239     223      15      31      47      63      79      95
     111     127     143     159     175     191     207
     256     240     224      16      32      48      64      80      96
     112     128     144     160     176     192     208
