t1 = 
     0     0     0     0     0     0     0     0
  -127  -111   -95   -79   -63   -47   -31   -15
  -126  -110   -94   -78   -62   -46   -30   -14
  -125  -109   -93   -77   -61   -45   -29   -13
  -124  -108   -92   -76   -60   -44   -28   -12
  -123  -107   -91   -75   -59   -43   -27   -11
  -122  -106   -90   -74   -58   -42   -26   -10
  -121  -105   -89   -73   -57   -41   -25   -9
  -120  -104   -88   -72   -56   -40   -24   -8
  -119  -103   -87   -71   -55   -39   -23   -7
  -118  -102   -86   -70   -54   -38   -22   -6
  -117  -101   -85   -69   -53   -37   -21   -5
  -116  -100   -84   -68   -52   -36   -20   -4
  -115   -99   -83   -67   -51   -35   -19   -3
  -114   -98   -82   -66   -50   -34   -18   -2
  -113   -97   -81   -65   -49   -33   -17   -1
  -112   -96   -80   -64   -48   -32   -16    0
   113    97    81    65    49    33    17    1
   114    98    82    66    50    34    18    2
   115    99    83    67    51    35    19    3
   116   100    84    68    52    36    20    4
   117   101    85    69    53    37    21    5
   118   102    86    70    54    38    22    6
   119   103    87    71    55    39    23    7
   120   104    88    72    56    40    24    8
   121   105    89    73    57    41    25    9
   122   106    90    74    58    42    26    10
   123   107    91    75    59    43    27    11
   124   108    92    76    60    44    28    12
   125   109    93    77    61    45    29    13
   126   110    94    78    62    46    30    14
   127   111    95    79    63    47    31    15
   128   112    96    80    64    48    32    16
