t1 =
    -255    -239    -223    -207    -191    -175    -159     -15     -31
     -47     -63     -79     -95    -111    -127    -143
    -254    -238    -222    -206    -190    -174    -158     -14     -30
     -46     -62     -78     -94    -110    -126    -142
    -253    -237    -221    -205    -189    -173    -157     -13     -29
     -45     -61     -77     -93    -109    -125    -141
    -252    -236    -220    -204    -188    -172    -156     -12     -28
     -44     -60     -76     -92    -108    -124    -140
    -251    -235    -219    -203    -187    -171    -155     -11     -27
     -43     -59     -75     -91    -107    -123    -139
    -250    -234    -218    -202    -186    -170    -154     -10     -26
     -42     -58     -74     -90    -106    -122    -138
    -249    -233    -217    -201    -185    -169    -153      -9     -25
     -41     -57     -73     -89    -105    -121    -137
    -248    -232    -216    -200    -184    -168    -152      -8     -24
     -40     -56     -72     -88    -104    -120    -136
    -247    -231    -215    -199    -183    -167    -151      -7     -23
     -39     -55     -71     -87    -103    -119    -135
    -246    -230    -214    -198    -182    -166    -150      -6     -22
     -38     -54     -70     -86    -102    -118    -134
    -245    -229    -213    -197    -181    -165    -149      -5     -21
     -37     -53     -69     -85    -101    -117    -133
    -244    -228    -212    -196    -180    -164    -148      -4     -20
     -36     -52     -68     -84    -100    -116    -132
    -243    -227    -211    -195    -179    -163    -147      -3     -19
     -35     -51     -67     -83     -99    -115    -131
    -242    -226    -210    -194    -178    -162    -146      -2     -18
     -34     -50     -66     -82     -98    -114    -130
    -241    -225    -209    -193    -177    -161    -145      -1     -17
     -33     -49     -65     -81     -97    -113    -129
    -240    -224    -208    -192    -176    -160    -144       0     -16
     -32     -48     -64     -80     -96    -112    -128
     241     225     209     193     177     161     145       1      17
      33      49      65      81      97     113     129
     242     226     210     194     178     162     146       2      18
      34      50      66      82      98     114     130
     243     227     211     195     179     163     147       3      19
      35      51      67      83      99     115     131
     244     228     212     196     180     164     148       4      20
      36      52      68      84     100     116     132
     245     229     213     197     181     165     149       5      21
      37      53      69      85     101     117     133
     246     230     214     198     182     166     150       6      22
      38      54      70      86     102     118     134
     247     231     215     199     183     167     151       7      23
      39      55      71      87     103     119     135
     248     232     216     200     184     168     152       8      24
      40      56      72      88     104     120     136
     249     233     217     201     185     169     153       9      25
      41      57      73      89     105     121     137
     250     234     218     202     186     170     154      10      26
      42      58      74      90     106     122     138
     251     235     219     203     187     171     155      11      27
      43      59      75      91     107     123     139
     252     236     220     204     188     172     156      12      28
      44      60      76      92     108     124     140
     253     237     221     205     189     173     157      13      29
      45      61      77      93     109     125     141
     254     238     222     206     190     174     158      14      30
      46      62      78      94     110     126     142
     255     239     223     207     191     175     159      15      31
      47      63      79      95     111     127     143
     256     240     224     208     192     176     160      16      32
      48      64      80      96     112     128     144
