t1 =
     -95     -89     -83     -77     -71     -65     -59     -53     -47
     -41     -35     -29     -23     -17     -11      -5
     -94     -88     -82     -76     -70     -64     -58     -52     -46
     -40     -34     -28     -22     -16     -10      -4
     -93     -87     -81     -75     -69     -63     -57     -51     -45
     -39     -33     -27     -21     -15      -9      -3
     -92     -86     -80     -74     -68     -62     -56     -50     -44
     -38     -32     -26     -20     -14      -8      -2
     -91     -85     -79     -73     -67     -61     -55     -49     -43
     -37     -31     -25     -19     -13      -7      -1
     -90     -84     -78     -72     -66     -60     -54     -48     -42
     -36     -30     -24     -18     -12      -6       0
      91      85      79      73      67      61      55      49      43
      37      31      25      19      13       7       1
      92      86      80      74      68      62      56      50      44
      38      32      26      20      14       8       2
      93      87      81      75      69      63      57      51      45
      39      33      27      21      15       9       3
      94      88      82      76      70      64      58      52      46
      40      34      28      22      16      10       4
      95      89      83      77      71      65      59      53      47
      41      35      29      23      17      11       5
      96      90      84      78      72      66      60      54      48
      42      36      30      24      18      12       6
