t1 =
    -191     -23     -47     -71     -95    -119    -143    -167
    -190     -22     -46     -70     -94    -118    -142    -166
    -189     -21     -45     -69     -93    -117    -141    -165
    -188     -20     -44     -68     -92    -116    -140    -164
    -187     -19     -43     -67     -91    -115    -139    -163
    -186     -18     -42     -66     -90    -114    -138    -162
    -185     -17     -41     -65     -89    -113    -137    -161
    -184     -16     -40     -64     -88    -112    -136    -160
    -183     -15     -39     -63     -87    -111    -135    -159
    -182     -14     -38     -62     -86    -110    -134    -158
    -181     -13     -37     -61     -85    -109    -133    -157
    -180     -12     -36     -60     -84    -108    -132    -156
    -179     -11     -35     -59     -83    -107    -131    -155
    -178     -10     -34     -58     -82    -106    -130    -154
    -177      -9     -33     -57     -81    -105    -129    -153
    -176      -8     -32     -56     -80    -104    -128    -152
    -175      -7     -31     -55     -79    -103    -127    -151
    -174      -6     -30     -54     -78    -102    -126    -150
    -173      -5     -29     -53     -77    -101    -125    -149
    -172      -4     -28     -52     -76    -100    -124    -148
    -171      -3     -27     -51     -75     -99    -123    -147
    -170      -2     -26     -50     -74     -98    -122    -146
    -169      -1     -25     -49     -73     -97    -121    -145
    -168       0     -24     -48     -72     -96    -120    -144
     169       1      25      49      73      97     121     145
     170       2      26      50      74      98     122     146
     171       3      27      51      75      99     123     147
     172       4      28      52      76     100     124     148
     173       5      29      53      77     101     125     149
     174       6      30      54      78     102     126     150
     175       7      31      55      79     103     127     151
     176       8      32      56      80     104     128     152
     177       9      33      57      81     105     129     153
     178      10      34      58      82     106     130     154
     179      11      35      59      83     107     131     155
     180      12      36      60      84     108     132     156
     181      13      37      61      85     109     133     157
     182      14      38      62      86     110     134     158
     183      15      39      63      87     111     135     159
     184      16      40      64      88     112     136     160
     185      17      41      65      89     113     137     161
     186      18      42      66      90     114     138     162
     187      19      43      67      91     115     139     163
     188      20      44      68      92     116     140     164
     189      21      45      69      93     117     141     165
     190      22      46      70      94     118     142     166
     191      23      47      71      95     119     143     167
     192      24      48      72      96     120     144     168
