t1 =
    -191    -179    -167    -155    -143    -131    -119    -107     -95
     -83     -71     -59     -47     -35     -23     -11
    -190    -178    -166    -154    -142    -130    -118    -106     -94
     -82     -70     -58     -46     -34     -22     -10
    -189    -177    -165    -153    -141    -129    -117    -105     -93
     -81     -69     -57     -45     -33     -21      -9
    -188    -176    -164    -152    -140    -128    -116    -104     -92
     -80     -68     -56     -44     -32     -20      -8
    -187    -175    -163    -151    -139    -127    -115    -103     -91
     -79     -67     -55     -43     -31     -19      -7
    -186    -174    -162    -150    -138    -126    -114    -102     -90
     -78     -66     -54     -42     -30     -18      -6
    -185    -173    -161    -149    -137    -125    -113    -101     -89
     -77     -65     -53     -41     -29     -17      -5
    -184    -172    -160    -148    -136    -124    -112    -100     -88
     -76     -64     -52     -40     -28     -16      -4
    -183    -171    -159    -147    -135    -123    -111     -99     -87
     -75     -63     -51     -39     -27     -15      -3
    -182    -170    -158    -146    -134    -122    -110     -98     -86
     -74     -62     -50     -38     -26     -14      -2
    -181    -169    -157    -145    -133    -121    -109     -97     -85
     -73     -61     -49     -37     -25     -13      -1
    -180    -168    -156    -144    -132    -120    -108     -96     -84
     -72     -60     -48     -36     -24     -12       0
     181     169     157     145     133     121     109      97      85
      73      61      49      37      25      13       1
     182     170     158     146     134     122     110      98      86
      74      62      50      38      26      14       2
     183     171     159     147     135     123     111      99      87
      75      63      51      39      27      15       3
     184     172     160     148     136     124     112     100      88
      76      64      52      40      28      16       4
     185     173     161     149     137     125     113     101      89
      77      65      53      41      29      17       5
     186     174     162     150     138     126     114     102      90
      78      66      54      42      30      18       6
     187     175     163     151     139     127     115     103      91
      79      67      55      43      31      19       7
     188     176     164     152     140     128     116     104      92
      80      68      56      44      32      20       8
     189     177     165     153     141     129     117     105      93
      81      69      57      45      33      21       9
     190     178     166     154     142     130     118     106      94
      82      70      58      46      34      22      10
     191     179     167     155     143     131     119     107      95
      83      71      59      47      35      23      11
     192     180     168     156     144     132     120     108      96
      84      72      60      48      36      24      12
