t1 =
    -127    -119    -111    -103     -95     -87     -79     -71      -7
     -15     -23     -31     -39     -47     -55     -63
    -126    -118    -110    -102     -94     -86     -78     -70      -6
     -14     -22     -30     -38     -46     -54     -62
    -125    -117    -109    -101     -93     -85     -77     -69      -5
     -13     -21     -29     -37     -45     -53     -61
    -124    -116    -108    -100     -92     -84     -76     -68      -4
     -12     -20     -28     -36     -44     -52     -60
    -123    -115    -107     -99     -91     -83     -75     -67      -3
     -11     -19     -27     -35     -43     -51     -59
    -122    -114    -106     -98     -90     -82     -74     -66      -2
     -10     -18     -26     -34     -42     -50     -58
    -121    -113    -105     -97     -89     -81     -73     -65      -1
      -9     -17     -25     -33     -41     -49     -57
    -120    -112    -104     -96     -88     -80     -72     -64       0
      -8     -16     -24     -32     -40     -48     -56
     121     113     105      97      89      81      73      65       1
       9      17      25      33      41      49      57
     122     114     106      98      90      82      74      66       2
      10      18      26      34      42      50      58
     123     115     107      99      91      83      75      67       3
      11      19      27      35      43      51      59
     124     116     108     100      92      84      76      68       4
      12      20      28      36      44      52      60
     125     117     109     101      93      85      77      69       5
      13      21      29      37      45      53      61
     126     118     110     102      94      86      78      70       6
      14      22      30      38      46      54      62
     127     119     111     103      95      87      79      71       7
      15      23      31      39      47      55      63
     128     120     112     104      96      88      80      72       8
      16      24      32      40      48      56      64
