t1 =
     -79     -74     -69     -64     -59     -54     -49     -44     -39
     -34     -29     -24     -19     -14      -4      -9
     -78     -73     -68     -63     -58     -53     -48     -43     -38
     -33     -28     -23     -18     -13      -3      -8
     -77     -72     -67     -62     -57     -52     -47     -42     -37
     -32     -27     -22     -17     -12      -2      -7
     -76     -71     -66     -61     -56     -51     -46     -41     -36
     -31     -26     -21     -16     -11      -1      -6
     -75     -70     -65     -60     -55     -50     -45     -40     -35
     -30     -25     -20     -15     -10       0      -5
      76      71      66      61      56      51      46      41      36
      31      26      21      16      11       1       6
      77      72      67      62      57      52      47      42      37
      32      27      22      17      12       2       7
      78      73      68      63      58      53      48      43      38
      33      28      23      18      13       3       8
      79      74      69      64      59      54      49      44      39
      34      29      24      19      14       4       9
      80      75      70      65      60      55      50      45      40
      35      30      25      20      15       5      10
