t1 =
     -79     -74     -69      -4      -9     -14     -19     -24     -29
     -34     -39     -44     -49     -54     -59     -64
     -78     -73     -68      -3      -8     -13     -18     -23     -28
     -33     -38     -43     -48     -53     -58     -63
     -77     -72     -67      -2      -7     -12     -17     -22     -27
     -32     -37     -42     -47     -52     -57     -62
     -76     -71     -66      -1      -6     -11     -16     -21     -26
     -31     -36     -41     -46     -51     -56     -61
     -75     -70     -65       0      -5     -10     -15     -20     -25
     -30     -35     -40     -45     -50     -55     -60
      76      71      66       1       6      11      16      21      26
      31      36      41      46      51      56      61
      77      72      67       2       7      12      17      22      27
      32      37      42      47      52      57      62
      78      73      68       3       8      13      18      23      28
      33      38      43      48      53      58      63
      79      74      69       4       9      14      19      24      29
      34      39      44      49      54      59      64
      80      75      70       5      10      15      20      25      30
      35      40      45      50      55      60      65
