t1 =
    -255    -223    -191    -159    -127     -95     -31     -63
    -254    -222    -190    -158    -126     -94     -30     -62
    -253    -221    -189    -157    -125     -93     -29     -61
    -252    -220    -188    -156    -124     -92     -28     -60
    -251    -219    -187    -155    -123     -91     -27     -59
    -250    -218    -186    -154    -122     -90     -26     -58
    -249    -217    -185    -153    -121     -89     -25     -57
    -248    -216    -184    -152    -120     -88     -24     -56
    -247    -215    -183    -151    -119     -87     -23     -55
    -246    -214    -182    -150    -118     -86     -22     -54
    -245    -213    -181    -149    -117     -85     -21     -53
    -244    -212    -180    -148    -116     -84     -20     -52
    -243    -211    -179    -147    -115     -83     -19     -51
    -242    -210    -178    -146    -114     -82     -18     -50
    -241    -209    -177    -145    -113     -81     -17     -49
    -240    -208    -176    -144    -112     -80     -16     -48
    -239    -207    -175    -143    -111     -79     -15     -47
    -238    -206    -174    -142    -110     -78     -14     -46
    -237    -205    -173    -141    -109     -77     -13     -45
    -236    -204    -172    -140    -108     -76     -12     -44
    -235    -203    -171    -139    -107     -75     -11     -43
    -234    -202    -170    -138    -106     -74     -10     -42
    -233    -201    -169    -137    -105     -73      -9     -41
    -232    -200    -168    -136    -104     -72      -8     -40
    -231    -199    -167    -135    -103     -71      -7     -39
    -230    -198    -166    -134    -102     -70      -6     -38
    -229    -197    -165    -133    -101     -69      -5     -37
    -228    -196    -164    -132    -100     -68      -4     -36
    -227    -195    -163    -131     -99     -67      -3     -35
    -226    -194    -162    -130     -98     -66      -2     -34
    -225    -193    -161    -129     -97     -65      -1     -33
    -224    -192    -160    -128     -96     -64       0     -32
     225     193     161     129      97      65       1      33
     226     194     162     130      98      66       2      34
     227     195     163     131      99      67       3      35
     228     196     164     132     100      68       4      36
     229     197     165     133     101      69       5      37
     230     198     166     134     102      70       6      38
     231     199     167     135     103      71       7      39
     232     200     168     136     104      72       8      40
     233     201     169     137     105      73       9      41
     234     202     170     138     106      74      10      42
     235     203     171     139     107      75      11      43
     236     204     172     140     108      76      12      44
     237     205     173     141     109      77      13      45
     238     206     174     142     110      78      14      46
     239     207     175     143     111      79      15      47
     240     208     176     144     112      80      16      48
     241     209     177     145     113      81      17      49
     242     210     178     146     114      82      18      50
     243     211     179     147     115      83      19      51
     244     212     180     148     116      84      20      52
     245     213     181     149     117      85      21      53
     246     214     182     150     118      86      22      54
     247     215     183     151     119      87      23      55
     248     216     184     152     120      88      24      56
     249     217     185     153     121      89      25      57
     250     218     186     154     122      90      26      58
     251     219     187     155     123      91      27      59
     252     220     188     156     124      92      28      60
     253     221     189     157     125      93      29      61
     254     222     190     158     126      94      30      62
     255     223     191     159     127      95      31      63
     256     224     192     160     128      96      32      64
