t1 =
    -255    -223    -191    -159     -31     -63     -95    -127
    -254    -222    -190    -158     -30     -62     -94    -126
    -253    -221    -189    -157     -29     -61     -93    -125
    -252    -220    -188    -156     -28     -60     -92    -124
    -251    -219    -187    -155     -27     -59     -91    -123
    -250    -218    -186    -154     -26     -58     -90    -122
    -249    -217    -185    -153     -25     -57     -89    -121
    -248    -216    -184    -152     -24     -56     -88    -120
    -247    -215    -183    -151     -23     -55     -87    -119
    -246    -214    -182    -150     -22     -54     -86    -118
    -245    -213    -181    -149     -21     -53     -85    -117
    -244    -212    -180    -148     -20     -52     -84    -116
    -243    -211    -179    -147     -19     -51     -83    -115
    -242    -210    -178    -146     -18     -50     -82    -114
    -241    -209    -177    -145     -17     -49     -81    -113
    -240    -208    -176    -144     -16     -48     -80    -112
    -239    -207    -175    -143     -15     -47     -79    -111
    -238    -206    -174    -142     -14     -46     -78    -110
    -237    -205    -173    -141     -13     -45     -77    -109
    -236    -204    -172    -140     -12     -44     -76    -108
    -235    -203    -171    -139     -11     -43     -75    -107
    -234    -202    -170    -138     -10     -42     -74    -106
    -233    -201    -169    -137      -9     -41     -73    -105
    -232    -200    -168    -136      -8     -40     -72    -104
    -231    -199    -167    -135      -7     -39     -71    -103
    -230    -198    -166    -134      -6     -38     -70    -102
    -229    -197    -165    -133      -5     -37     -69    -101
    -228    -196    -164    -132      -4     -36     -68    -100
    -227    -195    -163    -131      -3     -35     -67     -99
    -226    -194    -162    -130      -2     -34     -66     -98
    -225    -193    -161    -129      -1     -33     -65     -97
    -224    -192    -160    -128       0     -32     -64     -96
     225     193     161     129       1      33      65      97
     226     194     162     130       2      34      66      98
     227     195     163     131       3      35      67      99
     228     196     164     132       4      36      68     100
     229     197     165     133       5      37      69     101
     230     198     166     134       6      38      70     102
     231     199     167     135       7      39      71     103
     232     200     168     136       8      40      72     104
     233     201     169     137       9      41      73     105
     234     202     170     138      10      42      74     106
     235     203     171     139      11      43      75     107
     236     204     172     140      12      44      76     108
     237     205     173     141      13      45      77     109
     238     206     174     142      14      46      78     110
     239     207     175     143      15      47      79     111
     240     208     176     144      16      48      80     112
     241     209     177     145      17      49      81     113
     242     210     178     146      18      50      82     114
     243     211     179     147      19      51      83     115
     244     212     180     148      20      52      84     116
     245     213     181     149      21      53      85     117
     246     214     182     150      22      54      86     118
     247     215     183     151      23      55      87     119
     248     216     184     152      24      56      88     120
     249     217     185     153      25      57      89     121
     250     218     186     154      26      58      90     122
     251     219     187     155      27      59      91     123
     252     220     188     156      28      60      92     124
     253     221     189     157      29      61      93     125
     254     222     190     158      30      62      94     126
     255     223     191     159      31      63      95     127
     256     224     192     160      32      64      96     128
