t1 =
     -95     -23     -47     -71
     -94     -22     -46     -70
     -93     -21     -45     -69
     -92     -20     -44     -68
     -91     -19     -43     -67
     -90     -18     -42     -66
     -89     -17     -41     -65
     -88     -16     -40     -64
     -87     -15     -39     -63
     -86     -14     -38     -62
     -85     -13     -37     -61
     -84     -12     -36     -60
     -83     -11     -35     -59
     -82     -10     -34     -58
     -81      -9     -33     -57
     -80      -8     -32     -56
     -79      -7     -31     -55
     -78      -6     -30     -54
     -77      -5     -29     -53
     -76      -4     -28     -52
     -75      -3     -27     -51
     -74      -2     -26     -50
     -73      -1     -25     -49
     -72       0     -24     -48
      73       1      25      49
      74       2      26      50
      75       3      27      51
      76       4      28      52
      77       5      29      53
      78       6      30      54
      79       7      31      55
      80       8      32      56
      81       9      33      57
      82      10      34      58
      83      11      35      59
      84      12      36      60
      85      13      37      61
      86      14      38      62
      87      15      39      63
      88      16      40      64
      89      17      41      65
      90      18      42      66
      91      19      43      67
      92      20      44      68
      93      21      45      69
      94      22      46      70
      95      23      47      71
      96      24      48      72
