t1 =
    -255    -239    -223    -207    -191    -175     -15     -31     -47
     -63     -79     -95    -111    -127    -143    -159
    -254    -238    -222    -206    -190    -174     -14     -30     -46
     -62     -78     -94    -110    -126    -142    -158
    -253    -237    -221    -205    -189    -173     -13     -29     -45
     -61     -77     -93    -109    -125    -141    -157
    -252    -236    -220    -204    -188    -172     -12     -28     -44
     -60     -76     -92    -108    -124    -140    -156
    -251    -235    -219    -203    -187    -171     -11     -27     -43
     -59     -75     -91    -107    -123    -139    -155
    -250    -234    -218    -202    -186    -170     -10     -26     -42
     -58     -74     -90    -106    -122    -138    -154
    -249    -233    -217    -201    -185    -169      -9     -25     -41
     -57     -73     -89    -105    -121    -137    -153
    -248    -232    -216    -200    -184    -168      -8     -24     -40
     -56     -72     -88    -104    -120    -136    -152
    -247    -231    -215    -199    -183    -167      -7     -23     -39
     -55     -71     -87    -103    -119    -135    -151
    -246    -230    -214    -198    -182    -166      -6     -22     -38
     -54     -70     -86    -102    -118    -134    -150
    -245    -229    -213    -197    -181    -165      -5     -21     -37
     -53     -69     -85    -101    -117    -133    -149
    -244    -228    -212    -196    -180    -164      -4     -20     -36
     -52     -68     -84    -100    -116    -132    -148
    -243    -227    -211    -195    -179    -163      -3     -19     -35
     -51     -67     -83     -99    -115    -131    -147
    -242    -226    -210    -194    -178    -162      -2     -18     -34
     -50     -66     -82     -98    -114    -130    -146
    -241    -225    -209    -193    -177    -161      -1     -17     -33
     -49     -65     -81     -97    -113    -129    -145
    -240    -224    -208    -192    -176    -160       0     -16     -32
     -48     -64     -80     -96    -112    -128    -144
     241     225     209     193     177     161       1      17      33
      49      65      81      97     113     129     145
     242     226     210     194     178     162       2      18      34
      50      66      82      98     114     130     146
     243     227     211     195     179     163       3      19      35
      51      67      83      99     115     131     147
     244     228     212     196     180     164       4      20      36
      52      68      84     100     116     132     148
     245     229     213     197     181     165       5      21      37
      53      69      85     101     117     133     149
     246     230     214     198     182     166       6      22      38
      54      70      86     102     118     134     150
     247     231     215     199     183     167       7      23      39
      55      71      87     103     119     135     151
     248     232     216     200     184     168       8      24      40
      56      72      88     104     120     136     152
     249     233     217     201     185     169       9      25      41
      57      73      89     105     121     137     153
     250     234     218     202     186     170      10      26      42
      58      74      90     106     122     138     154
     251     235     219     203     187     171      11      27      43
      59      75      91     107     123     139     155
     252     236     220     204     188     172      12      28      44
      60      76      92     108     124     140     156
     253     237     221     205     189     173      13      29      45
      61      77      93     109     125     141     157
     254     238     222     206     190     174      14      30      46
      62      78      94     110     126     142     158
     255     239     223     207     191     175      15      31      47
      63      79      95     111     127     143     159
     256     240     224     208     192     176      16      32      48
      64      80      96     112     128     144     160
