t1 =
    -255     -63    -127    -191
    -254     -62    -126    -190
    -253     -61    -125    -189
    -252     -60    -124    -188
    -251     -59    -123    -187
    -250     -58    -122    -186
    -249     -57    -121    -185
    -248     -56    -120    -184
    -247     -55    -119    -183
    -246     -54    -118    -182
    -245     -53    -117    -181
    -244     -52    -116    -180
    -243     -51    -115    -179
    -242     -50    -114    -178
    -241     -49    -113    -177
    -240     -48    -112    -176
    -239     -47    -111    -175
    -238     -46    -110    -174
    -237     -45    -109    -173
    -236     -44    -108    -172
    -235     -43    -107    -171
    -234     -42    -106    -170
    -233     -41    -105    -169
    -232     -40    -104    -168
    -231     -39    -103    -167
    -230     -38    -102    -166
    -229     -37    -101    -165
    -228     -36    -100    -164
    -227     -35     -99    -163
    -226     -34     -98    -162
    -225     -33     -97    -161
    -224     -32     -96    -160
    -223     -31     -95    -159
    -222     -30     -94    -158
    -221     -29     -93    -157
    -220     -28     -92    -156
    -219     -27     -91    -155
    -218     -26     -90    -154
    -217     -25     -89    -153
    -216     -24     -88    -152
    -215     -23     -87    -151
    -214     -22     -86    -150
    -213     -21     -85    -149
    -212     -20     -84    -148
    -211     -19     -83    -147
    -210     -18     -82    -146
    -209     -17     -81    -145
    -208     -16     -80    -144
    -207     -15     -79    -143
    -206     -14     -78    -142
    -205     -13     -77    -141
    -204     -12     -76    -140
    -203     -11     -75    -139
    -202     -10     -74    -138
    -201      -9     -73    -137
    -200      -8     -72    -136
    -199      -7     -71    -135
    -198      -6     -70    -134
    -197      -5     -69    -133
    -196      -4     -68    -132
    -195      -3     -67    -131
    -194      -2     -66    -130
    -193      -1     -65    -129
    -192       0     -64    -128
     193       1      65     129
     194       2      66     130
     195       3      67     131
     196       4      68     132
     197       5      69     133
     198       6      70     134
     199       7      71     135
     200       8      72     136
     201       9      73     137
     202      10      74     138
     203      11      75     139
     204      12      76     140
     205      13      77     141
     206      14      78     142
     207      15      79     143
     208      16      80     144
     209      17      81     145
     210      18      82     146
     211      19      83     147
     212      20      84     148
     213      21      85     149
     214      22      86     150
     215      23      87     151
     216      24      88     152
     217      25      89     153
     218      26      90     154
     219      27      91     155
     220      28      92     156
     221      29      93     157
     222      30      94     158
     223      31      95     159
     224      32      96     160
     225      33      97     161
     226      34      98     162
     227      35      99     163
     228      36     100     164
     229      37     101     165
     230      38     102     166
     231      39     103     167
     232      40     104     168
     233      41     105     169
     234      42     106     170
     235      43     107     171
     236      44     108     172
     237      45     109     173
     238      46     110     174
     239      47     111     175
     240      48     112     176
     241      49     113     177
     242      50     114     178
     243      51     115     179
     244      52     116     180
     245      53     117     181
     246      54     118     182
     247      55     119     183
     248      56     120     184
     249      57     121     185
     250      58     122     186
     251      59     123     187
     252      60     124     188
     253      61     125     189
     254      62     126     190
     255      63     127     191
     256      64     128     192
