t1 =
     -79     -59     -19     -39
     -78     -58     -18     -38
     -77     -57     -17     -37
     -76     -56     -16     -36
     -75     -55     -15     -35
     -74     -54     -14     -34
     -73     -53     -13     -33
     -72     -52     -12     -32
     -71     -51     -11     -31
     -70     -50     -10     -30
     -69     -49      -9     -29
     -68     -48      -8     -28
     -67     -47      -7     -27
     -66     -46      -6     -26
     -65     -45      -5     -25
     -64     -44      -4     -24
     -63     -43      -3     -23
     -62     -42      -2     -22
     -61     -41      -1     -21
     -60     -40       0     -20
      61      41       1      21
      62      42       2      22
      63      43       3      23
      64      44       4      24
      65      45       5      25
      66      46       6      26
      67      47       7      27
      68      48       8      28
      69      49       9      29
      70      50      10      30
      71      51      11      31
      72      52      12      32
      73      53      13      33
      74      54      14      34
      75      55      15      35
      76      56      16      36
      77      57      17      37
      78      58      18      38
      79      59      19      39
      80      60      20      40
