t1 =
    -191    -179    -167    -155    -143    -131     -11     -23     -35
     -47     -59     -71     -83     -95    -107    -119
    -190    -178    -166    -154    -142    -130     -10     -22     -34
     -46     -58     -70     -82     -94    -106    -118
    -189    -177    -165    -153    -141    -129      -9     -21     -33
     -45     -57     -69     -81     -93    -105    -117
    -188    -176    -164    -152    -140    -128      -8     -20     -32
     -44     -56     -68     -80     -92    -104    -116
    -187    -175    -163    -151    -139    -127      -7     -19     -31
     -43     -55     -67     -79     -91    -103    -115
    -186    -174    -162    -150    -138    -126      -6     -18     -30
     -42     -54     -66     -78     -90    -102    -114
    -185    -173    -161    -149    -137    -125      -5     -17     -29
     -41     -53     -65     -77     -89    -101    -113
    -184    -172    -160    -148    -136    -124      -4     -16     -28
     -40     -52     -64     -76     -88    -100    -112
    -183    -171    -159    -147    -135    -123      -3     -15     -27
     -39     -51     -63     -75     -87     -99    -111
    -182    -170    -158    -146    -134    -122      -2     -14     -26
     -38     -50     -62     -74     -86     -98    -110
    -181    -169    -157    -145    -133    -121      -1     -13     -25
     -37     -49     -61     -73     -85     -97    -109
    -180    -168    -156    -144    -132    -120       0     -12     -24
     -36     -48     -60     -72     -84     -96    -108
     181     169     157     145     133     121       1      13      25
      37      49      61      73      85      97     109
     182     170     158     146     134     122       2      14      26
      38      50      62      74      86      98     110
     183     171     159     147     135     123       3      15      27
      39      51      63      75      87      99     111
     184     172     160     148     136     124       4      16      28
      40      52      64      76      88     100     112
     185     173     161     149     137     125       5      17      29
      41      53      65      77      89     101     113
     186     174     162     150     138     126       6      18      30
      42      54      66      78      90     102     114
     187     175     163     151     139     127       7      19      31
      43      55      67      79      91     103     115
     188     176     164     152     140     128       8      20      32
      44      56      68      80      92     104     116
     189     177     165     153     141     129       9      21      33
      45      57      69      81      93     105     117
     190     178     166     154     142     130      10      22      34
      46      58      70      82      94     106     118
     191     179     167     155     143     131      11      23      35
      47      59      71      83      95     107     119
     192     180     168     156     144     132      12      24      36
      48      60      72      84      96     108     120
