t1 =
     -63     -59     -55     -51      -3      -7     -11     -15     -19
     -23     -27     -31     -35     -39     -43     -47
     -62     -58     -54     -50      -2      -6     -10     -14     -18
     -22     -26     -30     -34     -38     -42     -46
     -61     -57     -53     -49      -1      -5      -9     -13     -17
     -21     -25     -29     -33     -37     -41     -45
     -60     -56     -52     -48       0      -4      -8     -12     -16
     -20     -24     -28     -32     -36     -40     -44
      61      57      53      49       1       5       9      13      17
      21      25      29      33      37      41      45
      62      58      54      50       2       6      10      14      18
      22      26      30      34      38      42      46
      63      59      55      51       3       7      11      15      19
      23      27      31      35      39      43      47
      64      60      56      52       4       8      12      16      20
      24      28      32      36      40      44      48
