t1 =
     -79     -19     -39     -59
     -78     -18     -38     -58
     -77     -17     -37     -57
     -76     -16     -36     -56
     -75     -15     -35     -55
     -74     -14     -34     -54
     -73     -13     -33     -53
     -72     -12     -32     -52
     -71     -11     -31     -51
     -70     -10     -30     -50
     -69      -9     -29     -49
     -68      -8     -28     -48
     -67      -7     -27     -47
     -66      -6     -26     -46
     -65      -5     -25     -45
     -64      -4     -24     -44
     -63      -3     -23     -43
     -62      -2     -22     -42
     -61      -1     -21     -41
     -60       0     -20     -40
      61       1      21      41
      62       2      22      42
      63       3      23      43
      64       4      24      44
      65       5      25      45
      66       6      26      46
      67       7      27      47
      68       8      28      48
      69       9      29      49
      70      10      30      50
      71      11      31      51
      72      12      32      52
      73      13      33      53
      74      14      34      54
      75      15      35      55
      76      16      36      56
      77      17      37      57
      78      18      38      58
      79      19      39      59
      80      20      40      60
