t1 =
    -191    -167    -143    -119     -95     -71     -47     -23
    -190    -166    -142    -118     -94     -70     -46     -22
    -189    -165    -141    -117     -93     -69     -45     -21
    -188    -164    -140    -116     -92     -68     -44     -20
    -187    -163    -139    -115     -91     -67     -43     -19
    -186    -162    -138    -114     -90     -66     -42     -18
    -185    -161    -137    -113     -89     -65     -41     -17
    -184    -160    -136    -112     -88     -64     -40     -16
    -183    -159    -135    -111     -87     -63     -39     -15
    -182    -158    -134    -110     -86     -62     -38     -14
    -181    -157    -133    -109     -85     -61     -37     -13
    -180    -156    -132    -108     -84     -60     -36     -12
    -179    -155    -131    -107     -83     -59     -35     -11
    -178    -154    -130    -106     -82     -58     -34     -10
    -177    -153    -129    -105     -81     -57     -33      -9
    -176    -152    -128    -104     -80     -56     -32      -8
    -175    -151    -127    -103     -79     -55     -31      -7
    -174    -150    -126    -102     -78     -54     -30      -6
    -173    -149    -125    -101     -77     -53     -29      -5
    -172    -148    -124    -100     -76     -52     -28      -4
    -171    -147    -123     -99     -75     -51     -27      -3
    -170    -146    -122     -98     -74     -50     -26      -2
    -169    -145    -121     -97     -73     -49     -25      -1
    -168    -144    -120     -96     -72     -48     -24       0
     169     145     121      97      73      49      25       1
     170     146     122      98      74      50      26       2
     171     147     123      99      75      51      27       3
     172     148     124     100      76      52      28       4
     173     149     125     101      77      53      29       5
     174     150     126     102      78      54      30       6
     175     151     127     103      79      55      31       7
     176     152     128     104      80      56      32       8
     177     153     129     105      81      57      33       9
     178     154     130     106      82      58      34      10
     179     155     131     107      83      59      35      11
     180     156     132     108      84      60      36      12
     181     157     133     109      85      61      37      13
     182     158     134     110      86      62      38      14
     183     159     135     111      87      63      39      15
     184     160     136     112      88      64      40      16
     185     161     137     113      89      65      41      17
     186     162     138     114      90      66      42      18
     187     163     139     115      91      67      43      19
     188     164     140     116      92      68      44      20
     189     165     141     117      93      69      45      21
     190     166     142     118      94      70      46      22
     191     167     143     119      95      71      47      23
     192     168     144     120      96      72      48      24
