t1 =
    -191    -143     -47     -95
    -190    -142     -46     -94
    -189    -141     -45     -93
    -188    -140     -44     -92
    -187    -139     -43     -91
    -186    -138     -42     -90
    -185    -137     -41     -89
    -184    -136     -40     -88
    -183    -135     -39     -87
    -182    -134     -38     -86
    -181    -133     -37     -85
    -180    -132     -36     -84
    -179    -131     -35     -83
    -178    -130     -34     -82
    -177    -129     -33     -81
    -176    -128     -32     -80
    -175    -127     -31     -79
    -174    -126     -30     -78
    -173    -125     -29     -77
    -172    -124     -28     -76
    -171    -123     -27     -75
    -170    -122     -26     -74
    -169    -121     -25     -73
    -168    -120     -24     -72
    -167    -119     -23     -71
    -166    -118     -22     -70
    -165    -117     -21     -69
    -164    -116     -20     -68
    -163    -115     -19     -67
    -162    -114     -18     -66
    -161    -113     -17     -65
    -160    -112     -16     -64
    -159    -111     -15     -63
    -158    -110     -14     -62
    -157    -109     -13     -61
    -156    -108     -12     -60
    -155    -107     -11     -59
    -154    -106     -10     -58
    -153    -105      -9     -57
    -152    -104      -8     -56
    -151    -103      -7     -55
    -150    -102      -6     -54
    -149    -101      -5     -53
    -148    -100      -4     -52
    -147     -99      -3     -51
    -146     -98      -2     -50
    -145     -97      -1     -49
    -144     -96       0     -48
     145      97       1      49
     146      98       2      50
     147      99       3      51
     148     100       4      52
     149     101       5      53
     150     102       6      54
     151     103       7      55
     152     104       8      56
     153     105       9      57
     154     106      10      58
     155     107      11      59
     156     108      12      60
     157     109      13      61
     158     110      14      62
     159     111      15      63
     160     112      16      64
     161     113      17      65
     162     114      18      66
     163     115      19      67
     164     116      20      68
     165     117      21      69
     166     118      22      70
     167     119      23      71
     168     120      24      72
     169     121      25      73
     170     122      26      74
     171     123      27      75
     172     124      28      76
     173     125      29      77
     174     126      30      78
     175     127      31      79
     176     128      32      80
     177     129      33      81
     178     130      34      82
     179     131      35      83
     180     132      36      84
     181     133      37      85
     182     134      38      86
     183     135      39      87
     184     136      40      88
     185     137      41      89
     186     138      42      90
     187     139      43      91
     188     140      44      92
     189     141      45      93
     190     142      46      94
     191     143      47      95
     192     144      48      96
