t1 =
     -79     -74     -69     -64     -59     -54     -49     -44     -39
     -34     -29      -4      -9     -14     -19     -24
     -78     -73     -68     -63     -58     -53     -48     -43     -38
     -33     -28      -3      -8     -13     -18     -23
     -77     -72     -67     -62     -57     -52     -47     -42     -37
     -32     -27      -2      -7     -12     -17     -22
     -76     -71     -66     -61     -56     -51     -46     -41     -36
     -31     -26      -1      -6     -11     -16     -21
     -75     -70     -65     -60     -55     -50     -45     -40     -35
     -30     -25       0      -5     -10     -15     -20
      76      71      66      61      56      51      46      41      36
      31      26       1       6      11      16      21
      77      72      67      62      57      52      47      42      37
      32      27       2       7      12      17      22
      78      73      68      63      58      53      48      43      38
      33      28       3       8      13      18      23
      79      74      69      64      59      54      49      44      39
      34      29       4       9      14      19      24
      80      75      70      65      60      55      50      45      40
      35      30       5      10      15      20      25
