t1 =
    -127    -111     -95     -79     -63     -47     -15     -31
    -126    -110     -94     -78     -62     -46     -14     -30
    -125    -109     -93     -77     -61     -45     -13     -29
    -124    -108     -92     -76     -60     -44     -12     -28
    -123    -107     -91     -75     -59     -43     -11     -27
    -122    -106     -90     -74     -58     -42     -10     -26
    -121    -105     -89     -73     -57     -41      -9     -25
    -120    -104     -88     -72     -56     -40      -8     -24
    -119    -103     -87     -71     -55     -39      -7     -23
    -118    -102     -86     -70     -54     -38      -6     -22
    -117    -101     -85     -69     -53     -37      -5     -21
    -116    -100     -84     -68     -52     -36      -4     -20
    -115     -99     -83     -67     -51     -35      -3     -19
    -114     -98     -82     -66     -50     -34      -2     -18
    -113     -97     -81     -65     -49     -33      -1     -17
    -112     -96     -80     -64     -48     -32       0     -16
     113      97      81      65      49      33       1      17
     114      98      82      66      50      34       2      18
     115      99      83      67      51      35       3      19
     116     100      84      68      52      36       4      20
     117     101      85      69      53      37       5      21
     118     102      86      70      54      38       6      22
     119     103      87      71      55      39       7      23
     120     104      88      72      56      40       8      24
     121     105      89      73      57      41       9      25
     122     106      90      74      58      42      10      26
     123     107      91      75      59      43      11      27
     124     108      92      76      60      44      12      28
     125     109      93      77      61      45      13      29
     126     110      94      78      62      46      14      30
     127     111      95      79      63      47      15      31
     128     112      96      80      64      48      16      32
