t1 =
    -191     -47     -95    -143
    -190     -46     -94    -142
    -189     -45     -93    -141
    -188     -44     -92    -140
    -187     -43     -91    -139
    -186     -42     -90    -138
    -185     -41     -89    -137
    -184     -40     -88    -136
    -183     -39     -87    -135
    -182     -38     -86    -134
    -181     -37     -85    -133
    -180     -36     -84    -132
    -179     -35     -83    -131
    -178     -34     -82    -130
    -177     -33     -81    -129
    -176     -32     -80    -128
    -175     -31     -79    -127
    -174     -30     -78    -126
    -173     -29     -77    -125
    -172     -28     -76    -124
    -171     -27     -75    -123
    -170     -26     -74    -122
    -169     -25     -73    -121
    -168     -24     -72    -120
    -167     -23     -71    -119
    -166     -22     -70    -118
    -165     -21     -69    -117
    -164     -20     -68    -116
    -163     -19     -67    -115
    -162     -18     -66    -114
    -161     -17     -65    -113
    -160     -16     -64    -112
    -159     -15     -63    -111
    -158     -14     -62    -110
    -157     -13     -61    -109
    -156     -12     -60    -108
    -155     -11     -59    -107
    -154     -10     -58    -106
    -153      -9     -57    -105
    -152      -8     -56    -104
    -151      -7     -55    -103
    -150      -6     -54    -102
    -149      -5     -53    -101
    -148      -4     -52    -100
    -147      -3     -51     -99
    -146      -2     -50     -98
    -145      -1     -49     -97
    -144       0     -48     -96
     145       1      49      97
     146       2      50      98
     147       3      51      99
     148       4      52     100
     149       5      53     101
     150       6      54     102
     151       7      55     103
     152       8      56     104
     153       9      57     105
     154      10      58     106
     155      11      59     107
     156      12      60     108
     157      13      61     109
     158      14      62     110
     159      15      63     111
     160      16      64     112
     161      17      65     113
     162      18      66     114
     163      19      67     115
     164      20      68     116
     165      21      69     117
     166      22      70     118
     167      23      71     119
     168      24      72     120
     169      25      73     121
     170      26      74     122
     171      27      75     123
     172      28      76     124
     173      29      77     125
     174      30      78     126
     175      31      79     127
     176      32      80     128
     177      33      81     129
     178      34      82     130
     179      35      83     131
     180      36      84     132
     181      37      85     133
     182      38      86     134
     183      39      87     135
     184      40      88     136
     185      41      89     137
     186      42      90     138
     187      43      91     139
     188      44      92     140
     189      45      93     141
     190      46      94     142
     191      47      95     143
     192      48      96     144
