t1 =
     -79     -74     -69     -64     -59     -54      -4      -9     -14
     -19     -24     -29     -34     -39     -44     -49
     -78     -73     -68     -63     -58     -53      -3      -8     -13
     -18     -23     -28     -33     -38     -43     -48
     -77     -72     -67     -62     -57     -52      -2      -7     -12
     -17     -22     -27     -32     -37     -42     -47
     -76     -71     -66     -61     -56     -51      -1      -6     -11
     -16     -21     -26     -31     -36     -41     -46
     -75     -70     -65     -60     -55     -50       0      -5     -10
     -15     -20     -25     -30     -35     -40     -45
      76      71      66      61      56      51       1       6      11
      16      21      26      31      36      41      46
      77      72      67      62      57      52       2       7      12
      17      22      27      32      37      42      47
      78      73      68      63      58      53       3       8      13
      18      23      28      33      38      43      48
      79      74      69      64      59      54       4       9      14
      19      24      29      34      39      44      49
      80      75      70      65      60      55       5      10      15
      20      25      30      35      40      45      50
