t1 = 
     0     0     0     0
   -47   -95  -143  -191
   -46   -94  -142  -190
   -45   -93  -141  -189
   -44   -92  -140  -188
   -43   -91  -139  -187
   -42   -90  -138  -186
   -41   -89  -137  -185
   -40   -88  -136  -184
   -39   -87  -135  -183
   -38   -86  -134  -182
   -37   -85  -133  -181
   -36   -84  -132  -180
   -35   -83  -131  -179
   -34   -82  -130  -178
   -33   -81  -129  -177
   -32   -80  -128  -176
   -31   -79  -127  -175
   -30   -78  -126  -174
   -29   -77  -125  -173
   -28   -76  -124  -172
   -27   -75  -123  -171
   -26   -74  -122  -170
   -25   -73  -121  -169
   -24   -72  -120  -168
   -23   -71  -119  -167
   -22   -70  -118  -166
   -21   -69  -117  -165
   -20   -68  -116  -164
   -19   -67  -115  -163
   -18   -66  -114  -162
   -17   -65  -113  -161
   -16   -64  -112  -160
   -15   -63  -111  -159
   -14   -62  -110  -158
   -13   -61  -109  -157
   -12   -60  -108  -156
   -11   -59  -107  -155
   -10   -58  -106  -154
    -9   -57  -105  -153
    -8   -56  -104  -152
    -7   -55  -103  -151
    -6   -54  -102  -150
    -5   -53  -101  -149
    -4   -52  -100  -148
    -3   -51   -99  -147
    -2   -50   -98  -146
    -1   -49   -97  -145
     0   -48   -96  -144
     1    49    97   145
     2    50    98   146
     3    51    99   147
     4    52   100   148
     5    53   101   149
     6    54   102   150
     7    55   103   151
     8    56   104   152
     9    57   105   153
    10    58   106   154
    11    59   107   155
    12    60   108   156
    13    61   109   157
    14    62   110   158
    15    63   111   159
    16    64   112   160
    17    65   113   161
    18    66   114   162
    19    67   115   163
    20    68   116   164
    21    69   117   165
    22    70   118   166
    23    71   119   167
    24    72   120   168
    25    73   121   169
    26    74   122   170
    27    75   123   171
    28    76   124   172
    29    77   125   173
    30    78   126   174
    31    79   127   175
    32    80   128   176
    33    81   129   177
    34    82   130   178
    35    83   131   179
    36    84   132   180
    37    85   133   181
    38    86   134   182
    39    87   135   183
    40    88   136   184
    41    89   137   185
    42    90   138   186
    43    91   139   187
    44    92   140   188
    45    93   141   189
    46    94   142   190
    47    95   143   191
    48    96   144   192
