t1 =
    -191    -179    -167    -155    -143    -131    -119    -107     -95
     -11     -23     -35     -47     -59     -71     -83
    -190    -178    -166    -154    -142    -130    -118    -106     -94
     -10     -22     -34     -46     -58     -70     -82
    -189    -177    -165    -153    -141    -129    -117    -105     -93
      -9     -21     -33     -45     -57     -69     -81
    -188    -176    -164    -152    -140    -128    -116    -104     -92
      -8     -20     -32     -44     -56     -68     -80
    -187    -175    -163    -151    -139    -127    -115    -103     -91
      -7     -19     -31     -43     -55     -67     -79
    -186    -174    -162    -150    -138    -126    -114    -102     -90
      -6     -18     -30     -42     -54     -66     -78
    -185    -173    -161    -149    -137    -125    -113    -101     -89
      -5     -17     -29     -41     -53     -65     -77
    -184    -172    -160    -148    -136    -124    -112    -100     -88
      -4     -16     -28     -40     -52     -64     -76
    -183    -171    -159    -147    -135    -123    -111     -99     -87
      -3     -15     -27     -39     -51     -63     -75
    -182    -170    -158    -146    -134    -122    -110     -98     -86
      -2     -14     -26     -38     -50     -62     -74
    -181    -169    -157    -145    -133    -121    -109     -97     -85
      -1     -13     -25     -37     -49     -61     -73
    -180    -168    -156    -144    -132    -120    -108     -96     -84
       0     -12     -24     -36     -48     -60     -72
     181     169     157     145     133     121     109      97      85
       1      13      25      37      49      61      73
     182     170     158     146     134     122     110      98      86
       2      14      26      38      50      62      74
     183     171     159     147     135     123     111      99      87
       3      15      27      39      51      63      75
     184     172     160     148     136     124     112     100      88
       4      16      28      40      52      64      76
     185     173     161     149     137     125     113     101      89
       5      17      29      41      53      65      77
     186     174     162     150     138     126     114     102      90
       6      18      30      42      54      66      78
     187     175     163     151     139     127     115     103      91
       7      19      31      43      55      67      79
     188     176     164     152     140     128     116     104      92
       8      20      32      44      56      68      80
     189     177     165     153     141     129     117     105      93
       9      21      33      45      57      69      81
     190     178     166     154     142     130     118     106      94
      10      22      34      46      58      70      82
     191     179     167     155     143     131     119     107      95
      11      23      35      47      59      71      83
     192     180     168     156     144     132     120     108      96
      12      24      36      48      60      72      84
