t1 =
    -255    -239    -223    -207    -191    -175    -159    -143    -127
    -111     -95     -79     -63     -15     -31     -47
    -254    -238    -222    -206    -190    -174    -158    -142    -126
    -110     -94     -78     -62     -14     -30     -46
    -253    -237    -221    -205    -189    -173    -157    -141    -125
    -109     -93     -77     -61     -13     -29     -45
    -252    -236    -220    -204    -188    -172    -156    -140    -124
    -108     -92     -76     -60     -12     -28     -44
    -251    -235    -219    -203    -187    -171    -155    -139    -123
    -107     -91     -75     -59     -11     -27     -43
    -250    -234    -218    -202    -186    -170    -154    -138    -122
    -106     -90     -74     -58     -10     -26     -42
    -249    -233    -217    -201    -185    -169    -153    -137    -121
    -105     -89     -73     -57      -9     -25     -41
    -248    -232    -216    -200    -184    -168    -152    -136    -120
    -104     -88     -72     -56      -8     -24     -40
    -247    -231    -215    -199    -183    -167    -151    -135    -119
    -103     -87     -71     -55      -7     -23     -39
    -246    -230    -214    -198    -182    -166    -150    -134    -118
    -102     -86     -70     -54      -6     -22     -38
    -245    -229    -213    -197    -181    -165    -149    -133    -117
    -101     -85     -69     -53      -5     -21     -37
    -244    -228    -212    -196    -180    -164    -148    -132    -116
    -100     -84     -68     -52      -4     -20     -36
    -243    -227    -211    -195    -179    -163    -147    -131    -115
     -99     -83     -67     -51      -3     -19     -35
    -242    -226    -210    -194    -178    -162    -146    -130    -114
     -98     -82     -66     -50      -2     -18     -34
    -241    -225    -209    -193    -177    -161    -145    -129    -113
     -97     -81     -65     -49      -1     -17     -33
    -240    -224    -208    -192    -176    -160    -144    -128    -112
     -96     -80     -64     -48       0     -16     -32
     241     225     209     193     177     161     145     129     113
      97      81      65      49       1      17      33
     242     226     210     194     178     162     146     130     114
      98      82      66      50       2      18      34
     243     227     211     195     179     163     147     131     115
      99      83      67      51       3      19      35
     244     228     212     196     180     164     148     132     116
     100      84      68      52       4      20      36
     245     229     213     197     181     165     149     133     117
     101      85      69      53       5      21      37
     246     230     214     198     182     166     150     134     118
     102      86      70      54       6      22      38
     247     231     215     199     183     167     151     135     119
     103      87      71      55       7      23      39
     248     232     216     200     184     168     152     136     120
     104      88      72      56       8      24      40
     249     233     217     201     185     169     153     137     121
     105      89      73      57       9      25      41
     250     234     218     202     186     170     154     138     122
     106      90      74      58      10      26      42
     251     235     219     203     187     171     155     139     123
     107      91      75      59      11      27      43
     252     236     220     204     188     172     156     140     124
     108      92      76      60      12      28      44
     253     237     221     205     189     173     157     141     125
     109      93      77      61      13      29      45
     254     238     222     206     190     174     158     142     126
     110      94      78      62      14      30      46
     255     239     223     207     191     175     159     143     127
     111      95      79      63      15      31      47
     256     240     224     208     192     176     160     144     128
     112      96      80      64      16      32      48
